Dataset caricato correttamente
Traiettorie selezionate, troncate ai primi 100 secondi: 

Traiettoria 1: 31-esima
Traiettoria 2: 32-esima
Traiettoria 3: 13-esima
Traiettoria 4: 28-esima
Traiettoria 5: 4-esima
Traiettoria 6: 3-esima
Traiettoria 7: 33-esima
Traiettoria 8: 0-esima
Traiettoria 9: 24-esima
Traiettoria 10: 11-esima
Numero di traiettorie selezionate: 10

Traiettoria 1: 

Stato vero della traiettoria:
 [[ 6.35909034e+00  1.13160749e+02  0.00000000e+00  9.91498525e-01]
 [ 6.35555413e+00  1.14146113e+02 -7.07241740e-03  9.79229646e-01]
 [ 6.34645041e+00  1.15132060e+02 -1.11350175e-02  9.92663657e-01]
 [ 6.33714881e+00  1.16123360e+02 -7.46819580e-03  9.89936653e-01]
 [ 6.33436246e+00  1.17124000e+02  1.89551236e-03  1.01134266e+00]
 [ 6.34592875e+00  1.18127391e+02  2.12370642e-02  9.95440676e-01]
 [ 6.36066420e+00  1.19117828e+02  8.23383514e-03  9.85432760e-01]
 [ 6.36940359e+00  1.20101661e+02  9.24493857e-03  9.82234100e-01]
 [ 6.37178622e+00  1.21082841e+02 -4.47966723e-03  9.80124580e-01]
 [ 6.36735626e+00  1.22063413e+02 -4.38025526e-03  9.81019082e-01]
 [ 6.36674478e+00  1.23042425e+02  3.15728556e-03  9.77006169e-01]
 [ 6.36068836e+00  1.24012288e+02 -1.52701172e-02  9.62719319e-01]
 [ 6.34812630e+00  1.24972252e+02 -9.85399976e-03  9.57208093e-01]
 [ 6.34308457e+00  1.25921545e+02 -2.29466038e-04  9.41379436e-01]
 [ 6.33962207e+00  1.26855426e+02 -6.69553915e-03  9.26382238e-01]
 [ 6.33807552e+00  1.27787382e+02  3.60243564e-03  9.37530183e-01]
 [ 6.33903556e+00  1.28720212e+02 -1.68234304e-03  9.28129231e-01]
 [ 6.33629117e+00  1.29647882e+02 -3.80643254e-03  9.27210244e-01]
 [ 6.33810674e+00  1.30570053e+02  7.43756929e-03  9.17132817e-01]
 [ 6.35029382e+00  1.31490006e+02  1.69365857e-02  9.22772237e-01]
 [ 6.36102082e+00  1.32409764e+02  4.51740772e-03  9.16744125e-01]
 [ 6.36626885e+00  1.33322074e+02  5.97866268e-03  9.07875828e-01]
 [ 6.37670062e+00  1.34225161e+02  1.48848734e-02  8.98297120e-01]
 [ 6.39195885e+00  1.35118753e+02  1.56315802e-02  8.88887441e-01]
 [ 6.40667326e+00  1.36003573e+02  1.37972471e-02  8.80753718e-01]
 [ 6.42694974e+00  1.36876045e+02  2.67557113e-02  8.64189083e-01]
 [ 6.44952787e+00  1.37736828e+02  1.84005419e-02  8.57377273e-01]
 [ 6.46437103e+00  1.38596575e+02  1.12857762e-02  8.62117484e-01]
 [ 6.47530979e+00  1.39458649e+02  1.05917558e-02  8.62029146e-01]
 [ 6.48749447e+00  1.40319502e+02  1.37775944e-02  8.59677094e-01]
 [ 6.51236049e+00  1.41176540e+02  3.59544516e-02  8.54398793e-01]
 [ 6.55675947e+00  1.42033128e+02  5.28435039e-02  8.58778125e-01]
 [ 6.61283481e+00  1.42895800e+02  5.93071737e-02  8.66566436e-01]
 [ 6.66047674e+00  1.43762192e+02  3.59766938e-02  8.66215793e-01]
 [ 6.68701813e+00  1.44621514e+02  1.71060780e-02  8.52428295e-01]
 [ 6.71401270e+00  1.45476082e+02  3.68830775e-02  8.56708537e-01]
 [ 6.74133505e+00  1.46331751e+02  1.77616105e-02  8.54629572e-01]
 [ 6.76519561e+00  1.47182314e+02  2.99595181e-02  8.46496924e-01]
 [ 6.79871230e+00  1.48031529e+02  3.70738642e-02  8.51931388e-01]
 [ 6.83755207e+00  1.48884345e+02  4.06056625e-02  8.53701537e-01]
 [ 6.87177566e+00  1.49741913e+02  2.78415300e-02  8.61433667e-01]
 [ 6.90148155e+00  1.50595119e+02  3.15702474e-02  8.44979685e-01]
 [ 6.93240329e+00  1.51442384e+02  3.02732216e-02  8.49549156e-01]
 [ 6.95755636e+00  1.52288850e+02  2.00329361e-02  8.43383433e-01]
 [ 6.97432441e+00  1.53141082e+02  1.35031555e-02  8.61080591e-01]
 [ 6.98203540e+00  1.54005511e+02  1.91882973e-03  8.67778099e-01]
 [ 6.98812257e+00  1.54887230e+02  1.02555052e-02  8.95659267e-01]
 [ 6.99686840e+00  1.55785318e+02  7.23615529e-03  9.00516285e-01]
 [ 6.99506029e+00  1.56681126e+02 -1.08523781e-02  8.91100085e-01]
 [ 6.97764321e+00  1.57576562e+02 -2.39817765e-02  8.99771718e-01]
 [ 6.95458011e+00  1.58475544e+02 -2.21444279e-02  8.98191646e-01]
 [ 6.94555729e+00  1.59374825e+02  4.10011872e-03  9.00223701e-01]
 [ 6.96293660e+00  1.60274649e+02  3.06554852e-02  8.99276668e-01]
 [ 7.00830398e+00  1.61173451e+02  6.00719194e-02  8.98179516e-01]
 [ 7.08118873e+00  1.62068919e+02  8.56853820e-02  8.92607410e-01]
 [ 7.18045229e+00  1.62960403e+02  1.12825338e-01  8.90213967e-01]
 [ 7.30570381e+00  1.63849029e+02  1.37656840e-01  8.86892672e-01]
 [ 7.45835103e+00  1.64734084e+02  1.67612674e-01  8.83072589e-01]
 [ 7.63950442e+00  1.65615733e+02  1.94664259e-01  8.80079122e-01]
 [ 7.84866551e+00  1.66493359e+02  2.23623627e-01  8.75028528e-01]
 [ 8.08706020e+00  1.67366791e+02  2.53126713e-01  8.71693484e-01]
 [ 8.35291603e+00  1.68234933e+02  2.78541057e-01  8.64448353e-01]
 [ 8.64557568e+00  1.69095353e+02  3.06730201e-01  8.56248203e-01]
 [ 8.96536517e+00  1.69948542e+02  3.32796128e-01  8.49990453e-01]
 [ 9.31013390e+00  1.70792121e+02  3.56684386e-01  8.37028760e-01]
 [ 9.67950296e+00  1.71624186e+02  3.81992916e-01  8.26965413e-01]
 [ 1.00758463e+01  1.72444068e+02  4.10628846e-01  8.12663641e-01]
 [ 1.04989353e+01  1.73250163e+02  4.35479405e-01  7.99393550e-01]
 [ 1.09475024e+01  1.74042135e+02  4.61581143e-01  7.84419511e-01]
 [ 1.14220635e+01  1.74818521e+02  4.87463104e-01  7.68224254e-01]
 [ 1.19205063e+01  1.75578505e+02  5.09340322e-01  7.51619107e-01]
 [ 1.24410489e+01  1.76322173e+02  5.31659185e-01  7.35594458e-01]
 [ 1.29842712e+01  1.77049522e+02  5.54696120e-01  7.18984605e-01]
 [ 1.35514834e+01  1.77760357e+02  5.79635241e-01  7.02567835e-01]
 [ 1.41449050e+01  1.78451818e+02  6.07110749e-01  6.80241063e-01]
 [ 1.47623053e+01  1.79123025e+02  6.27588208e-01  6.62062460e-01]
 [ 1.54007404e+01  1.79774150e+02  6.49177120e-01  6.40079612e-01]
 [ 1.60598099e+01  1.80403610e+02  6.68853503e-01  6.18736157e-01]
 [ 1.67354354e+01  1.81011758e+02  6.82285920e-01  5.97459952e-01]
 [ 1.74270064e+01  1.81598323e+02  7.00742273e-01  5.75573530e-01]
 [ 1.81378758e+01  1.82163333e+02  7.20879749e-01  5.54353314e-01]
 [ 1.88663724e+01  1.82705482e+02  7.35993499e-01  5.29855520e-01]
 [ 1.96097950e+01  1.83223952e+02  7.50729339e-01  5.06999354e-01]
 [ 2.03702899e+01  1.83718522e+02  7.70135545e-01  4.82060489e-01]
 [ 2.11464833e+01  1.84190313e+02  7.82123395e-01  4.61442945e-01]
 [ 2.19359330e+01  1.84638588e+02  7.96646198e-01  4.35033542e-01]
 [ 2.27397940e+01  1.85062460e+02  8.10943579e-01  4.12640259e-01]
 [ 2.35559113e+01  1.85461450e+02  8.21156641e-01  3.85275135e-01]
 [ 2.43847213e+01  1.85833762e+02  8.36327325e-01  3.59286692e-01]
 [ 2.52240475e+01  1.86178429e+02  8.42186616e-01  3.29990710e-01]
 [ 2.60712405e+01  1.86496520e+02  8.52059897e-01  3.06140109e-01]
 [ 2.69271239e+01  1.86787996e+02  8.59566032e-01  2.76764005e-01]
 [ 2.77912412e+01  1.87050594e+02  8.68526582e-01  2.48387075e-01]
 [ 2.86640777e+01  1.87283676e+02  8.77002791e-01  2.17740033e-01]
 [ 2.95451407e+01  1.87488874e+02  8.84978390e-01  1.92621169e-01]
 [ 3.04340063e+01  1.87667689e+02  8.92606777e-01  1.64979660e-01]
 [ 3.13284513e+01  1.87818233e+02  8.96136039e-01  1.36083684e-01]
 [ 3.22270060e+01  1.87940824e+02  9.00825606e-01  1.09077748e-01]
 [ 3.31288744e+01  1.88036781e+02  9.02762802e-01  8.28215007e-02]
 [ 3.40322738e+01  1.88105394e+02  9.03887274e-01  5.43930972e-02]]

Misure della traiettoria:
 [[  6.33859571 113.13728242]
 [  6.34748155 114.19636594]
 [  6.35939772 115.10528865]
 [  6.32945919 116.12791038]
 [  6.31934814 117.10694083]
 [  6.38614076 118.12412576]
 [  6.34677488 119.09188505]
 [  6.33810214 120.09449944]
 [  6.35167268 121.04862697]
 [  6.39509269 122.03094872]
 [  6.3543207  123.05521572]
 [  6.38871523 124.0035866 ]
 [  6.33911385 124.95771227]
 [  6.33656427 125.97453566]
 [  6.34743502 126.87143622]
 [  6.3215765  127.76917503]
 [  6.32119536 128.70710808]
 [  6.33540434 129.64406419]
 [  6.35946537 130.56825123]
 [  6.32934376 131.48983125]
 [  6.34808229 132.45608833]
 [  6.34994038 133.3088268 ]
 [  6.38917472 134.21476175]
 [  6.42860169 135.08578333]
 [  6.38512318 135.99048917]
 [  6.39709014 136.871118  ]
 [  6.42282331 137.72467875]
 [  6.47430655 138.58968561]
 [  6.45987329 139.46773426]
 [  6.49714104 140.33546422]
 [  6.51874256 141.19591768]
 [  6.56673127 142.06093779]
 [  6.65943638 142.90327571]
 [  6.64079097 143.76726647]
 [  6.71541253 144.59627547]
 [  6.73587072 145.49301682]
 [  6.73932212 146.33923188]
 [  6.76871065 147.17049499]
 [  6.7669358  148.03986336]
 [  6.83910452 148.91392334]
 [  6.88068826 149.71699384]
 [  6.90760399 150.62570012]
 [  6.97529676 151.4608542 ]
 [  6.97277282 152.28622602]
 [  6.94509826 153.1228225 ]
 [  6.99142118 154.02245808]
 [  7.00085501 154.88757142]
 [  7.00180061 155.83018852]
 [  7.00297962 156.70809525]
 [  6.96916946 157.57195276]
 [  6.95761614 158.4728206 ]
 [  6.93605143 159.36688865]
 [  6.90861442 160.27738826]
 [  6.99535443 161.17714455]
 [  7.08210116 162.05097405]
 [  7.19071304 162.98269526]
 [  7.29244158 163.83841642]
 [  7.50231066 164.6958766 ]
 [  7.66025462 165.66200688]
 [  7.84323321 166.48496822]
 [  8.08471048 167.37725061]
 [  8.35037531 168.20671894]
 [  8.69616201 169.11577242]
 [  8.95823944 169.98288766]
 [  9.28765365 170.7905133 ]
 [  9.68034817 171.63268195]
 [ 10.04910457 172.40841525]
 [ 10.54364647 173.26289114]
 [ 10.94755159 174.0739068 ]
 [ 11.41078849 174.82463408]
 [ 11.94509004 175.58896782]
 [ 12.45462817 176.30070691]
 [ 12.96627527 177.00294708]
 [ 13.56583526 177.78669113]
 [ 14.16289461 178.5004064 ]
 [ 14.74703476 179.12745759]
 [ 15.39522921 179.76484516]
 [ 16.06996325 180.42111112]
 [ 16.72761841 181.01846666]
 [ 17.45565339 181.5756299 ]
 [ 18.11438561 182.19042947]
 [ 18.87273621 182.70307685]
 [ 19.58847442 183.23728509]
 [ 20.33486635 183.70428929]
 [ 21.19066553 184.22176765]
 [ 21.91051359 184.64786307]
 [ 22.74827144 185.04468604]
 [ 23.56631366 185.4364508 ]
 [ 24.39001521 185.85436463]
 [ 25.20689592 186.18178133]
 [ 26.0207231  186.49748227]
 [ 26.92810465 186.72446125]
 [ 27.77328169 187.04566411]
 [ 28.62298545 187.30422119]
 [ 29.58369486 187.52088263]
 [ 30.38127091 187.68723016]
 [ 31.33776115 187.82574444]
 [ 32.24367937 187.95196068]
 [ 33.12985653 188.05622694]
 [ 34.00636122 188.09664201]]


Traiettoria 2: 

Stato vero della traiettoria:
 [[ 1.50771521e+02  9.21803312e+01  0.00000000e+00  1.31899953e-01]
 [ 1.50756993e+02  9.22848538e+01 -2.90560850e-02  7.71453925e-02]
 [ 1.50754096e+02  9.23558587e+01  2.32616016e-02  6.48642468e-02]
 [ 1.50809357e+02  9.24182337e+01  8.72603073e-02  5.98857250e-02]
 [ 1.50930693e+02  9.24441700e+01  1.55412678e-01 -8.01297198e-03]
 [ 1.51084773e+02  9.24329975e+01  1.52746714e-01 -1.43321866e-02]
 [ 1.51219228e+02  9.23972595e+01  1.16162589e-01 -5.71436807e-02]
 [ 1.51312743e+02  9.23478788e+01  7.08670757e-02 -4.16177309e-02]
 [ 1.51378229e+02  9.22803311e+01  6.01060993e-02 -9.34776177e-02]
 [ 1.51444419e+02  9.21761904e+01  7.22726618e-02 -1.14803773e-01]
 [ 1.51504066e+02  9.20605480e+01  4.70220946e-02 -1.16481083e-01]
 [ 1.51575996e+02  9.19491346e+01  9.68385781e-02 -1.06345834e-01]
 [ 1.51647893e+02  9.18585612e+01  4.69556930e-02 -7.48008104e-02]
 [ 1.51721383e+02  9.18364094e+01  1.00022781e-01  3.04971199e-02]
 [ 1.51816089e+02  9.18620376e+01  8.93890809e-02  2.07593525e-02]
 [ 1.51909104e+02  9.18821035e+01  9.66416989e-02  1.93724280e-02]
 [ 1.51987510e+02  9.19343985e+01  6.01711501e-02  8.52175759e-02]
 [ 1.52070359e+02  9.20296075e+01  1.05526161e-01  1.05200323e-01]
 [ 1.52180558e+02  9.21438016e+01  1.14872482e-01  1.23187956e-01]
 [ 1.52319744e+02  9.22872973e+01  1.63499245e-01  1.63803469e-01]
 [ 1.52490117e+02  9.24265411e+01  1.77246301e-01  1.14684170e-01]
 [ 1.52700632e+02  9.25427488e+01  2.43784129e-01  1.17731225e-01]
 [ 1.52961569e+02  9.26698213e+01  2.78089216e-01  1.36413791e-01]
 [ 1.53192386e+02  9.27601576e+01  1.83544332e-01  4.42586579e-02]
 [ 1.53375641e+02  9.28169170e+01  1.82965561e-01  6.92602161e-02]
 [ 1.53565851e+02  9.28823240e+01  1.97456091e-01  6.15537658e-02]
 [ 1.53751822e+02  9.29324783e+01  1.74486066e-01  3.87548642e-02]
 [ 1.53886521e+02  9.29162187e+01  9.49110457e-02 -7.12740976e-02]
 [ 1.53991431e+02  9.28126837e+01  1.14909362e-01 -1.35795871e-01]
 [ 1.54063576e+02  9.27155084e+01  2.93807627e-02 -5.85547127e-02]
 [ 1.54080793e+02  9.26452221e+01  5.05295049e-03 -8.20180102e-02]
 [ 1.54057105e+02  9.25845771e+01 -5.24295961e-02 -3.92719756e-02]
 [ 1.54009915e+02  9.25297593e+01 -4.19506590e-02 -7.03635019e-02]
 [ 1.53992109e+02  9.24776182e+01  6.33926988e-03 -3.39187904e-02]
 [ 1.54024870e+02  9.24969342e+01  5.91821842e-02  7.25508912e-02]
 [ 1.54064871e+02  9.25699601e+01  2.08194331e-02  7.35009262e-02]
 [ 1.54087353e+02  9.26082682e+01  2.41462292e-02  3.11525077e-03]
 [ 1.54094496e+02  9.26001245e+01 -9.86177831e-03 -1.94027683e-02]
 [ 1.54073382e+02  9.25863296e+01 -3.23658002e-02 -8.18690433e-03]
 [ 1.54048013e+02  9.25662004e+01 -1.83722683e-02 -3.20715477e-02]
 [ 1.54039713e+02  9.24911735e+01  1.77248027e-03 -1.17982167e-01]
 [ 1.54028755e+02  9.23927063e+01 -2.36886793e-02 -7.89522977e-02]
 [ 1.53980838e+02  9.23296630e+01 -7.21451234e-02 -4.71342499e-02]
 [ 1.53909230e+02  9.22706576e+01 -7.10706139e-02 -7.08766128e-02]
 [ 1.53863080e+02  9.22097250e+01 -2.12288797e-02 -5.09885257e-02]
 [ 1.53834998e+02  9.21811183e+01 -3.49357888e-02 -6.22496169e-03]
 [ 1.53810007e+02  9.21455490e+01 -1.50452550e-02 -6.49137143e-02]
 [ 1.53834385e+02  9.20877491e+01  6.38010261e-02 -5.06860891e-02]
 [ 1.53878295e+02  9.20063312e+01  2.40184119e-02 -1.12149679e-01]
 [ 1.53891469e+02  9.19376246e+01  2.33045566e-03 -2.52634950e-02]
 [ 1.53889277e+02  9.19309730e+01 -6.71549700e-03  1.19603504e-02]
 [ 1.53881557e+02  9.19428442e+01 -8.72346883e-03  1.17799420e-02]
 [ 1.53872997e+02  9.19540606e+01 -8.39397352e-03  1.06510594e-02]
 [ 1.53864661e+02  9.19646469e+01 -8.27689924e-03  1.05197617e-02]
 [ 1.53856490e+02  9.19734902e+01 -8.06450266e-03  7.16508016e-03]
 [ 1.53850307e+02  9.19792674e+01 -4.29977253e-03  4.38812560e-03]
 [ 1.53846218e+02  9.19804357e+01 -3.87806119e-03 -2.05237955e-03]
 [ 1.53841202e+02  9.19780344e+01 -6.15312603e-03 -2.74985921e-03]
 [ 1.53836648e+02  9.19736844e+01 -2.95329172e-03 -5.94958282e-03]
 [ 1.53834002e+02  9.19682424e+01 -2.33821111e-03 -4.93350524e-03]
 [ 1.53830606e+02  9.19642276e+01 -4.45471105e-03 -3.09540988e-03]
 [ 1.53825092e+02  9.19598149e+01 -6.57111075e-03 -5.72943120e-03]
 [ 1.53816492e+02  9.19522284e+01 -1.06278845e-02 -9.44257343e-03]
 [ 1.53806255e+02  9.19416006e+01 -9.84510588e-03 -1.18115631e-02]
 [ 1.53795521e+02  9.19289412e+01 -1.16216613e-02 -1.35052576e-02]
 [ 1.53783640e+02  9.19147646e+01 -1.21388476e-02 -1.48457883e-02]
 [ 1.53773031e+02  9.18993093e+01 -9.07686671e-03 -1.60624523e-02]
 [ 1.53763049e+02  9.18833362e+01 -1.08840362e-02 -1.58811568e-02]
 [ 1.53752054e+02  9.18673815e+01 -1.11057006e-02 -1.60256452e-02]
 [ 1.53741270e+02  9.18510199e+01 -1.04600337e-02 -1.66949164e-02]
 [ 1.53732807e+02  9.18360237e+01 -6.46362176e-03 -1.32947043e-02]
 [ 1.53727164e+02  9.18230447e+01 -4.82174890e-03 -1.26611765e-02]
 [ 1.53722270e+02  9.18117810e+01 -4.96602388e-03 -9.86404800e-03]
 [ 1.53715997e+02  9.18025846e+01 -7.57845084e-03 -8.52714934e-03]
 [ 1.53709536e+02  9.17957676e+01 -5.34222779e-03 -5.10549783e-03]
 [ 1.53704827e+02  9.17918154e+01 -4.07541836e-03 -2.79818048e-03]
 [ 1.53700903e+02  9.17885881e+01 -3.77061061e-03 -3.65589852e-03]
 [ 1.53696480e+02  9.17840446e+01 -5.07520519e-03 -5.43047766e-03]
 [ 1.53692922e+02  9.17792603e+01 -2.03938122e-03 -4.13720105e-03]
 [ 1.53690049e+02  9.17723266e+01 -3.70718846e-03 -9.72963448e-03]
 [ 1.53686823e+02  9.17611069e+01 -2.74399812e-03 -1.27081115e-02]
 [ 1.53683333e+02  9.17491896e+01 -4.23499200e-03 -1.11244033e-02]
 [ 1.53678580e+02  9.17364758e+01 -5.26991814e-03 -1.43013736e-02]
 [ 1.53674459e+02  9.17225577e+01 -2.97207713e-03 -1.35325310e-02]
 [ 1.53672474e+02  9.17089202e+01 -9.97142178e-04 -1.37403228e-02]
 [ 1.53670961e+02  9.16962425e+01 -2.02984003e-03 -1.16127472e-02]
 [ 1.53667629e+02  9.16852928e+01 -4.63330995e-03 -1.02847930e-02]
 [ 1.53662465e+02  9.16733518e+01 -5.69327020e-03 -1.35954801e-02]
 [ 1.53655064e+02  9.16606777e+01 -9.10891438e-03 -1.17506073e-02]
 [ 1.53646407e+02  9.16500544e+01 -8.20189003e-03 -9.49395999e-03]
 [ 1.53639531e+02  9.16405497e+01 -5.54969588e-03 -9.51395414e-03]
 [ 1.53634589e+02  9.16299111e+01 -4.33342207e-03 -1.17616048e-02]
 [ 1.53630644e+02  9.16173205e+01 -3.55469449e-03 -1.34177015e-02]
 [ 1.53626743e+02  9.16034735e+01 -4.24791026e-03 -1.42742321e-02]
 [ 1.53621613e+02  9.15890508e+01 -6.01049816e-03 -1.45687871e-02]
 [ 1.53616990e+02  9.15749517e+01 -3.23498077e-03 -1.36270152e-02]
 [ 1.53613372e+02  9.15630819e+01 -4.00080510e-03 -1.01102597e-02]
 [ 1.53609979e+02  9.15543420e+01 -2.78423858e-03 -7.36798879e-03]
 [ 1.53606875e+02  9.15468649e+01 -3.42294527e-03 -7.58487248e-03]
 [ 1.53604448e+02  9.15385753e+01 -1.43029359e-03 -8.99308727e-03]]

Misure della traiettoria:
 [[150.80399107  92.20872645]
 [150.74235535  92.27571499]
 [150.72946623  92.32048828]
 [150.83614112  92.4294136 ]
 [150.94582152  92.42548021]
 [151.05789369  92.44656124]
 [151.19059549  92.36173649]
 [151.30639365  92.3367439 ]
 [151.38784217  92.24775841]
 [151.40948765  92.16210478]
 [151.47909218  92.07368687]
 [151.56763987  91.93868072]
 [151.67037035  91.85764912]
 [151.74608102  91.8059088 ]
 [151.84325662  91.87204847]
 [151.87610099  91.87055863]
 [152.01043946  91.93053553]
 [152.05720962  92.02018584]
 [152.18046525  92.12875373]
 [152.3486018   92.33554689]
 [152.47280029  92.45199507]
 [152.69226738  92.54858653]
 [152.97376418  92.66722542]
 [153.17528073  92.74074781]
 [153.3757205   92.80761343]
 [153.57542485  92.91937071]
 [153.729075    92.93864827]
 [153.87421568  92.93768394]
 [154.00647554  92.80415665]
 [154.02740829  92.72260991]
 [154.05855416  92.6493376 ]
 [154.05972209  92.57471398]
 [154.02698179  92.52356705]
 [153.95402158  92.46526467]
 [154.02865805  92.50525473]
 [154.07588913  92.51608378]
 [154.11156436  92.58526053]
 [154.05841369  92.61067803]
 [154.05301065  92.57464986]
 [154.05387105  92.55460596]
 [154.0461194   92.49867655]
 [154.0515254   92.4027209 ]
 [153.99030786  92.32340963]
 [153.87205969  92.2833494 ]
 [153.84850744  92.20459321]
 [153.82465557  92.18798533]
 [153.80614927  92.13272115]
 [153.83919428  92.05908662]
 [153.88392021  92.02356912]
 [153.91174176  91.9531593 ]
 [153.91273956  91.92977306]
 [153.87799201  91.9474202 ]
 [153.87362338  91.91837031]
 [153.86047937  91.98913086]
 [153.84365905  91.96711666]
 [153.85022838  91.99392945]
 [153.82226939  91.9679118 ]
 [153.85037852  91.95593785]
 [153.84375009  91.9740263 ]
 [153.88108799  92.02227522]
 [153.83713633  91.9190107 ]
 [153.80052497  91.97121775]
 [153.8211958   91.95559596]
 [153.77787957  91.94890537]
 [153.83295923  91.90468796]
 [153.75469012  91.91696478]
 [153.79238162  91.89419703]
 [153.7868969   91.88126317]
 [153.74528396  91.86701746]
 [153.72895932  91.86805063]
 [153.73987211  91.82638641]
 [153.73703455  91.80180029]
 [153.7496832   91.79945638]
 [153.74082345  91.77477232]
 [153.69000802  91.81568263]
 [153.71803078  91.80925067]
 [153.70861827  91.78069876]
 [153.69945113  91.80228118]
 [153.68683773  91.78306856]
 [153.69339394  91.78203589]
 [153.73319313  91.76685785]
 [153.68996327  91.75146098]
 [153.67584758  91.7256229 ]
 [153.65096333  91.70723171]
 [153.65427891  91.70751898]
 [153.6168643   91.70150332]
 [153.66654311  91.66442814]
 [153.66180342  91.69416732]
 [153.64806887  91.68266403]
 [153.64432902  91.65500377]
 [153.65440938  91.58528159]
 [153.57519875  91.6421699 ]
 [153.65758666  91.59208496]
 [153.61421016  91.59244165]
 [153.62395147  91.57428335]
 [153.61709816  91.58654562]
 [153.58863418  91.56702544]
 [153.60322162  91.56234237]
 [153.59057852  91.51735335]
 [153.56598223  91.54274328]]


Traiettoria 3: 

Stato vero della traiettoria:
 [[ 8.01326096e+01  1.97303125e+02  0.00000000e+00  4.30018985e-01]
 [ 8.01024275e+01  1.97734003e+02 -6.03642525e-02  4.31737794e-01]
 [ 8.00769129e+01  1.98169429e+02  9.33500607e-03  4.39112858e-01]
 [ 8.00690440e+01  1.98593374e+02 -2.50727478e-02  4.08778531e-01]
 [ 8.00467591e+01  1.99039213e+02 -1.94970003e-02  4.82899493e-01]
 [ 8.00152917e+01  1.99506244e+02 -4.34378658e-02  4.51161688e-01]
 [ 7.99599756e+01  1.99924917e+02 -6.71943995e-02  3.86183618e-01]
 [ 7.99151608e+01  2.00324628e+02 -2.24351896e-02  4.13240076e-01]
 [ 7.99303972e+01  2.00729291e+02  5.29079902e-02  3.96084799e-01]
 [ 7.99922088e+01  2.01164965e+02  7.07152669e-02  4.75262865e-01]
 [ 8.00332737e+01  2.01670773e+02  1.14144908e-02  5.36353079e-01]
 [ 8.00731419e+01  2.02207476e+02  6.83219189e-02  5.37052569e-01]
 [ 8.01613929e+01  2.02749362e+02  1.08180060e-01  5.46719582e-01]
 [ 8.02551226e+01  2.03280923e+02  7.92793496e-02  5.16403257e-01]
 [ 8.03539642e+01  2.03805254e+02  1.18403865e-01  5.32258695e-01]
 [ 8.04764198e+01  2.04341229e+02  1.26507381e-01  5.39692106e-01]
 [ 8.05486099e+01  2.04869529e+02  1.78728244e-02  5.16907938e-01]
 [ 8.05588677e+01  2.05371505e+02  2.64284260e-03  4.87043335e-01]
 [ 8.05491897e+01  2.05846286e+02 -2.19988634e-02  4.62518655e-01]
 [ 8.05382868e+01  2.06298022e+02  1.92925348e-04  4.40953638e-01]
 [ 8.05335650e+01  2.06752179e+02 -9.63633176e-03  4.67360881e-01]
 [ 8.04932211e+01  2.07217135e+02 -7.10515415e-02  4.62549497e-01]
 [ 8.04127836e+01  2.07655518e+02 -8.98234716e-02  4.14217244e-01]
 [ 8.03124811e+01  2.08085652e+02 -1.10781630e-01  4.46050034e-01]
 [ 8.02427586e+01  2.08556706e+02 -2.86632536e-02  4.96058411e-01]
 [ 8.02076697e+01  2.09051118e+02 -4.15145094e-02  4.92764926e-01]
 [ 8.01515796e+01  2.09532521e+02 -7.06658345e-02  4.70042856e-01]
 [ 8.00800343e+01  2.10032942e+02 -7.24246570e-02  5.30799246e-01]
 [ 7.99572802e+01  2.10572135e+02 -1.73083613e-01  5.47586556e-01]
 [ 7.97968549e+01  2.11146238e+02 -1.47766969e-01  6.00619142e-01]
 [ 7.96390229e+01  2.11760273e+02 -1.67897096e-01  6.27450071e-01]
 [ 7.94741631e+01  2.12383710e+02 -1.61822430e-01  6.19425054e-01]
 [ 7.93178280e+01  2.12985023e+02 -1.50847740e-01  5.83199711e-01]
 [ 7.91593344e+01  2.13570971e+02 -1.66139485e-01  5.88697042e-01]
 [ 7.89988676e+01  2.14168832e+02 -1.54794115e-01  6.07024373e-01]
 [ 7.88671924e+01  2.14756084e+02 -1.08556275e-01  5.67479885e-01]
 [ 7.87646690e+01  2.15315919e+02 -9.64904365e-02  5.52189739e-01]
 [ 7.86647180e+01  2.15874333e+02 -1.03411607e-01  5.64637943e-01]
 [ 7.85492711e+01  2.16440379e+02 -1.27482232e-01  5.67454134e-01]
 [ 7.84517815e+01  2.16989209e+02 -6.74968877e-02  5.30207010e-01]
 [ 7.83815540e+01  2.17524868e+02 -7.29581721e-02  5.41109707e-01]
 [ 7.82787159e+01  2.18096126e+02 -1.32718040e-01  6.01407219e-01]
 [ 7.81466849e+01  2.18699588e+02 -1.31343983e-01  6.05517054e-01]
 [ 7.80261942e+01  2.19287962e+02 -1.09637313e-01  5.71230812e-01]
 [ 7.79045157e+01  2.19842039e+02 -1.33719723e-01  5.36923347e-01]
 [ 7.77640721e+01  2.20378048e+02 -1.47167483e-01  5.35094916e-01]
 [ 7.75960670e+01  2.20924541e+02 -1.88842772e-01  5.57890177e-01]
 [ 7.74238061e+01  2.21481562e+02 -1.55678987e-01  5.56151482e-01]
 [ 7.72839519e+01  2.22028730e+02 -1.24029387e-01  5.38185503e-01]
 [ 7.71549399e+01  2.22599417e+02 -1.33994721e-01  6.03187843e-01]
 [ 7.70281824e+01  2.23174732e+02 -1.19520254e-01  5.47442092e-01]
 [ 7.69171614e+01  2.23724599e+02 -1.02503580e-01  5.52201602e-01]
 [ 7.68232742e+01  2.24278193e+02 -8.52553372e-02  5.54896442e-01]
 [ 7.67486737e+01  2.24835145e+02 -6.39329922e-02  5.58916107e-01]
 [ 7.66937233e+01  2.25396328e+02 -4.59587457e-02  5.63357360e-01]
 [ 7.66541141e+01  2.25960697e+02 -3.32536571e-02  5.65286926e-01]
 [ 7.66287593e+01  2.26525453e+02 -1.74518171e-02  5.64131905e-01]
 [ 7.66217774e+01  2.27089546e+02  3.48948049e-03  5.63960984e-01]
 [ 7.66340266e+01  2.27654384e+02  2.10068464e-02  5.65622475e-01]
 [ 7.66644296e+01  2.28220820e+02  3.97941953e-02  5.67157395e-01]
 [ 7.67132501e+01  2.28786616e+02  5.78388364e-02  5.64341927e-01]
 [ 7.67798316e+01  2.29349283e+02  7.53131365e-02  5.60899531e-01]
 [ 7.68636786e+01  2.29909003e+02  9.23670831e-02  5.58447201e-01]
 [ 7.69644013e+01  2.30466559e+02  1.09061715e-01  5.56573537e-01]
 [ 7.70824211e+01  2.31020043e+02  1.26958509e-01  5.50302490e-01]
 [ 7.72184451e+01  2.31567622e+02  1.45067134e-01  5.44766421e-01]
 [ 7.73733473e+01  2.32111309e+02  1.64711954e-01  5.42517892e-01]
 [ 7.75475090e+01  2.32650453e+02  1.83582963e-01  5.35681864e-01]
 [ 7.77384931e+01  2.33182726e+02  1.98353715e-01  5.28775687e-01]
 [ 7.79450916e+01  2.33707978e+02  2.14809215e-01  5.21642012e-01]
 [ 7.81693981e+01  2.34224119e+02  2.33767172e-01  5.10555790e-01]
 [ 7.84121440e+01  2.34730337e+02  2.51684852e-01  5.01795414e-01]
 [ 7.86704086e+01  2.35226883e+02  2.64801606e-01  4.91214412e-01]
 [ 7.89407321e+01  2.35713318e+02  2.75800699e-01  4.81577039e-01]
 [ 7.92244571e+01  2.36192823e+02  2.91602509e-01  4.77353738e-01]
 [ 7.95244723e+01  2.36666848e+02  3.08378772e-01  4.70618914e-01]
 [ 7.98431299e+01  2.37132081e+02  3.28884575e-01  4.59770143e-01]
 [ 8.01790437e+01  2.37587233e+02  3.42887625e-01  4.50458725e-01]
 [ 8.05311521e+01  2.38033034e+02  3.61271774e-01  4.41070470e-01]
 [ 8.08993766e+01  2.38469461e+02  3.75116571e-01  4.31711406e-01]
 [ 8.12800774e+01  2.38895105e+02  3.86222299e-01  4.19506570e-01]
 [ 8.16736584e+01  2.39309076e+02  4.00874930e-01  4.08368547e-01]
 [ 8.20820923e+01  2.39710293e+02  4.15925991e-01  3.93999180e-01]
 [ 8.25032913e+01  2.40097511e+02  4.26402484e-01  3.80371890e-01]
 [ 8.29357764e+01  2.40470981e+02  4.38496768e-01  3.66506651e-01]
 [ 8.33802708e+01  2.40830023e+02  4.50418812e-01  3.51518383e-01]
 [ 8.38369727e+01  2.41174939e+02  4.62909981e-01  3.38256580e-01]
 [ 8.43048710e+01  2.41506746e+02  4.72809715e-01  3.25303456e-01]
 [ 8.47809983e+01  2.41825444e+02  4.79366304e-01  3.12041063e-01]
 [ 8.52655996e+01  2.42129479e+02  4.89756521e-01  2.95978807e-01]
 [ 8.57609497e+01  2.42418210e+02  5.00862418e-01  2.81434928e-01]
 [ 8.62656265e+01  2.42690603e+02  5.08408095e-01  2.63307404e-01]
 [ 8.67787543e+01  2.42946298e+02  5.17763264e-01  2.48039855e-01]
 [ 8.72986963e+01  2.43187735e+02  5.22034962e-01  2.34794433e-01]
 [ 8.78247351e+01  2.43413705e+02  5.29956142e-01  2.17108748e-01]
 [ 8.83584932e+01  2.43623815e+02  5.37472357e-01  2.03076671e-01]
 [ 8.88982634e+01  2.43818945e+02  5.41978996e-01  1.87151281e-01]
 [ 8.94422080e+01  2.43996050e+02  5.45820565e-01  1.67029964e-01]
 [ 8.99914527e+01  2.44154698e+02  5.52578644e-01  1.50239601e-01]
 [ 9.05457654e+01  2.44297463e+02  5.55955557e-01  1.35266017e-01]]

Misure della traiettoria:
 [[ 80.1244841  197.32765894]
 [ 80.09621095 197.73705393]
 [ 80.08452921 198.15689359]
 [ 80.08619721 198.56609308]
 [ 80.0441952  199.04754841]
 [ 79.97615325 199.51749797]
 [ 79.95170115 199.92642915]
 [ 79.92403449 200.31792307]
 [ 79.9316193  200.74604034]
 [ 80.01034582 201.16398779]
 [ 80.06451337 201.62762468]
 [ 80.05455662 202.18787366]
 [ 80.17373338 202.82116577]
 [ 80.22662765 203.27767622]
 [ 80.3729807  203.79702798]
 [ 80.47090228 204.29367212]
 [ 80.54540234 204.87275445]
 [ 80.56536043 205.39643588]
 [ 80.57171275 205.81903912]
 [ 80.52582994 206.32019944]
 [ 80.54392422 206.74215119]
 [ 80.49730072 207.2343382 ]
 [ 80.4249257  207.67857628]
 [ 80.30316128 208.06534314]
 [ 80.24181914 208.52875699]
 [ 80.20321038 209.03883208]
 [ 80.17024168 209.52372665]
 [ 80.06058508 210.03437525]
 [ 79.94692589 210.56165434]
 [ 79.81857228 211.16799419]
 [ 79.66557456 211.70977417]
 [ 79.51089767 212.38493119]
 [ 79.32674348 212.98799472]
 [ 79.17322294 213.55607548]
 [ 78.95498606 214.18440078]
 [ 78.87185272 214.7848187 ]
 [ 78.76450477 215.33498643]
 [ 78.64809193 215.86204868]
 [ 78.54880411 216.41996379]
 [ 78.43803222 216.94308193]
 [ 78.39227004 217.52535168]
 [ 78.23223013 218.114619  ]
 [ 78.12928297 218.72003459]
 [ 77.98011969 219.30494027]
 [ 77.90117985 219.84877817]
 [ 77.77086869 220.40807906]
 [ 77.62621715 220.91903944]
 [ 77.43658885 221.44733428]
 [ 77.29696153 222.01602627]
 [ 77.16283239 222.6002159 ]
 [ 77.02991988 223.18157255]
 [ 76.90933732 223.72930975]
 [ 76.81791332 224.27084554]
 [ 76.74121193 224.82661976]
 [ 76.68453645 225.35709349]
 [ 76.66800656 225.9169994 ]
 [ 76.62365335 226.49320754]
 [ 76.63728004 227.09200222]
 [ 76.64086721 227.6464491 ]
 [ 76.67208823 228.26096442]
 [ 76.72631803 228.80352215]
 [ 76.7807537  229.37762503]
 [ 76.86478911 229.86163813]
 [ 76.96363906 230.47122024]
 [ 77.09938893 231.02140398]
 [ 77.19897225 231.55894201]
 [ 77.39623726 232.11116087]
 [ 77.54777673 232.64780326]
 [ 77.73516667 233.18135523]
 [ 77.93528495 233.69481195]
 [ 78.17319983 234.23387755]
 [ 78.4138126  234.72863757]
 [ 78.64576151 235.22531471]
 [ 78.93977459 235.68014549]
 [ 79.23596346 236.21603866]
 [ 79.53209856 236.6616552 ]
 [ 79.85286988 237.1635246 ]
 [ 80.21900767 237.60853389]
 [ 80.50276275 238.04355007]
 [ 80.90312015 238.49407283]
 [ 81.23820642 238.91722551]
 [ 81.70548565 239.30005106]
 [ 82.09834404 239.71110974]
 [ 82.51489765 240.10038822]
 [ 82.95872134 240.43602686]
 [ 83.38855256 240.85093643]
 [ 83.80288183 241.20155119]
 [ 84.29321679 241.492014  ]
 [ 84.77307189 241.83202773]
 [ 85.28079866 242.11571918]
 [ 85.74582081 242.4481745 ]
 [ 86.25177438 242.69912059]
 [ 86.78317492 242.92622741]
 [ 87.30544916 243.2101161 ]
 [ 87.82320049 243.41079619]
 [ 88.3282533  243.62664423]
 [ 88.89277646 243.84933755]
 [ 89.45635503 243.99499142]
 [ 89.97449459 244.13148327]
 [ 90.55443951 244.33276407]]


Traiettoria 4: 

Stato vero della traiettoria:
 [[ 9.68125807e+01  8.64088480e+00  0.00000000e+00  3.79321630e-01]
 [ 9.68237929e+01  9.01237385e+00  2.24244812e-02  3.63656459e-01]
 [ 9.68455681e+01  9.35876479e+00  2.11258583e-02  3.29125433e-01]
 [ 9.68697015e+01  9.69012295e+00  2.71409429e-02  3.33590877e-01]
 [ 9.68823685e+01  1.00239072e+01 -1.80696335e-03  3.33977704e-01]
 [ 9.68880521e+01  1.03471722e+01  1.31741716e-02  3.12552138e-01]
 [ 9.69072630e+01  1.06560917e+01  2.52477703e-02  3.05286950e-01]
 [ 9.69206774e+01  1.09437331e+01  1.58090105e-03  2.69995942e-01]
 [ 9.69032805e+01  1.12060961e+01 -3.63745639e-02  2.54729958e-01]
 [ 9.68710775e+01  1.14693767e+01 -2.80314341e-02  2.71831292e-01]
 [ 9.68217383e+01  1.17317751e+01 -7.06470802e-02  2.52965410e-01]
 [ 9.67495049e+01  1.19799233e+01 -7.38197801e-02  2.43331019e-01]
 [ 9.66812900e+01  1.22203676e+01 -6.26098925e-02  2.37557513e-01]
 [ 9.66307901e+01  1.24637986e+01 -3.83899812e-02  2.49304553e-01]
 [ 9.65866901e+01  1.27094483e+01 -4.98099013e-02  2.41994926e-01]
 [ 9.65303057e+01  1.29492208e+01 -6.29589795e-02  2.37549935e-01]
 [ 9.64669421e+01  1.31706393e+01 -6.37683071e-02  2.05287175e-01]
 [ 9.64160650e+01  1.33779887e+01 -3.79858885e-02  2.09411586e-01]
 [ 9.63679577e+01  1.35825925e+01 -5.82285972e-02  1.99796082e-01]
 [ 9.63063473e+01  1.37769201e+01 -6.49922677e-02  1.88859126e-01]
 [ 9.62368747e+01  1.39706206e+01 -7.39529478e-02  1.98541835e-01]
 [ 9.61524097e+01  1.41582578e+01 -9.49769849e-02  1.76732533e-01]
 [ 9.60516199e+01  1.43144565e+01 -1.06602705e-01  1.35664901e-01]
 [ 9.59529959e+01  1.44574961e+01 -9.06452651e-02  1.50414281e-01]
 [ 9.58607039e+01  1.46202959e+01 -9.39387730e-02  1.75185394e-01]
 [ 9.57496019e+01  1.47867486e+01 -1.28265124e-01  1.57719957e-01]
 [ 9.56154300e+01  1.49358103e+01 -1.40078769e-01  1.40403338e-01]
 [ 9.54890022e+01  1.50777275e+01 -1.12776698e-01  1.43431119e-01]
 [ 9.53717098e+01  1.52439037e+01 -1.21808093e-01  1.88921265e-01]
 [ 9.52457988e+01  1.54400529e+01 -1.30013966e-01  2.03377082e-01]
 [ 9.51162977e+01  1.56570446e+01 -1.28988328e-01  2.30606421e-01]
 [ 9.49668606e+01  1.58832872e+01 -1.69885881e-01  2.21878685e-01]
 [ 9.47934078e+01  1.60888946e+01 -1.77019593e-01  1.89336099e-01]
 [ 9.46153115e+01  1.62645713e+01 -1.79173027e-01  1.62017285e-01]
 [ 9.44483324e+01  1.64296691e+01 -1.54785245e-01  1.68178457e-01]
 [ 9.42912339e+01  1.66045968e+01 -1.59411599e-01  1.81676856e-01]
 [ 9.41385163e+01  1.67942081e+01 -1.46023622e-01  1.97545822e-01]
 [ 9.39902049e+01  1.69955440e+01 -1.50599344e-01  2.05125955e-01]
 [ 9.38427239e+01  1.72105096e+01 -1.44362552e-01  2.24805243e-01]
 [ 9.36898792e+01  1.74398922e+01 -1.61326847e-01  2.33959964e-01]
 [ 9.35094958e+01  1.76849572e+01 -1.99439964e-01  2.56169992e-01]
 [ 9.33123245e+01  1.79492910e+01 -1.94902683e-01  2.72497537e-01]
 [ 9.31050445e+01  1.82118119e+01 -2.19657330e-01  2.52544355e-01]
 [ 9.28848050e+01  1.84584517e+01 -2.20821650e-01  2.40735163e-01]
 [ 9.26592024e+01  1.86970792e+01 -2.30383490e-01  2.36520020e-01]
 [ 9.24429005e+01  1.89315345e+01 -2.02220264e-01  2.32390456e-01]
 [ 9.22164667e+01  1.91653428e+01 -2.50647489e-01  2.35226209e-01]
 [ 9.19628820e+01  1.94027676e+01 -2.56521809e-01  2.39623344e-01]
 [ 9.17006547e+01  1.96637933e+01 -2.67932741e-01  2.82427991e-01]
 [ 9.14212725e+01  1.99404624e+01 -2.90831703e-01  2.70910325e-01]
 [ 9.11175630e+01  2.02268681e+01 -3.16587356e-01  3.01901079e-01]
 [ 9.08050571e+01  2.05340759e+01 -3.08373188e-01  3.12463961e-01]
 [ 9.05023320e+01  2.08515554e+01 -2.97027018e-01  3.22442870e-01]
 [ 9.02107907e+01  2.11789660e+01 -2.86007492e-01  3.32324514e-01]
 [ 8.99304163e+01  2.15157376e+01 -2.74695200e-01  3.41163256e-01]
 [ 8.96612956e+01  2.18617624e+01 -2.63501859e-01  3.50829593e-01]
 [ 8.94033450e+01  2.22164997e+01 -2.52357014e-01  3.58586673e-01]
 [ 8.91573604e+01  2.25779643e+01 -2.39571528e-01  3.64282905e-01]
 [ 8.89232579e+01  2.29461996e+01 -2.28595052e-01  3.72127040e-01]
 [ 8.86999005e+01  2.33226882e+01 -2.18083104e-01  3.80788525e-01]
 [ 8.84875385e+01  2.37067940e+01 -2.06606084e-01  3.87359714e-01]
 [ 8.82883225e+01  2.40968798e+01 -1.91792891e-01  3.92747700e-01]
 [ 8.81024126e+01  2.44923061e+01 -1.79996270e-01  3.98039781e-01]
 [ 8.79298579e+01  2.48929142e+01 -1.65084726e-01  4.03110516e-01]
 [ 8.77717572e+01  2.52987289e+01 -1.51090522e-01  4.08452241e-01]
 [ 8.76269320e+01  2.57092229e+01 -1.38536083e-01  4.12468205e-01]
 [ 8.74946165e+01  2.61234139e+01 -1.26073179e-01  4.15845620e-01]
 [ 8.73752759e+01  2.65405896e+01 -1.12588264e-01  4.18436897e-01]
 [ 8.72693460e+01  2.69609230e+01 -9.92541564e-02  4.22160883e-01]
 [ 8.71769768e+01  2.73848869e+01 -8.54691182e-02  4.25697188e-01]
 [ 8.70976889e+01  2.78117633e+01 -7.30935842e-02  4.27985375e-01]
 [ 8.70316370e+01  2.82412578e+01 -5.89993203e-02  4.30932998e-01]
 [ 8.69801091e+01  2.86731835e+01 -4.40479675e-02  4.32847450e-01]
 [ 8.69437108e+01  2.91071643e+01 -2.87424679e-02  4.35042800e-01]
 [ 8.69224119e+01  2.95424831e+01 -1.38516234e-02  4.35523309e-01]
 [ 8.69148373e+01  2.99782661e+01 -1.29643432e-03  4.35970865e-01]
 [ 8.69199914e+01  3.04142531e+01  1.16036973e-02  4.35931514e-01]
 [ 8.69374561e+01  3.08498076e+01  2.33226542e-02  4.35105798e-01]
 [ 8.69671069e+01  3.12841591e+01  3.59738767e-02  4.33525670e-01]
 [ 8.70104080e+01  3.17182421e+01  5.06214049e-02  4.34569249e-01]
 [ 8.70673686e+01  3.21518467e+01  6.32902825e-02  4.32568602e-01]
 [ 8.71374598e+01  3.25843022e+01  7.68805073e-02  4.32271388e-01]
 [ 8.72208719e+01  3.30153800e+01  8.99300986e-02  4.29813321e-01]
 [ 8.73181804e+01  3.34435940e+01  1.04670931e-01  4.26544199e-01]
 [ 8.74292642e+01  3.38684843e+01  1.17478372e-01  4.23166559e-01]
 [ 8.75526858e+01  3.42892214e+01  1.29344303e-01  4.18238252e-01]
 [ 8.76877642e+01  3.47052196e+01  1.40790189e-01  4.13689703e-01]
 [ 8.78343814e+01  3.51160132e+01  1.52420025e-01  4.07829902e-01]
 [ 8.79939835e+01  3.55201443e+01  1.66758145e-01  4.00365613e-01]
 [ 8.81671939e+01  3.59177171e+01  1.79634141e-01  3.94714535e-01]
 [ 8.83527163e+01  3.63109362e+01  1.91380021e-01  3.91659086e-01]
 [ 8.85496886e+01  3.66995371e+01  2.02532157e-01  3.85478892e-01]
 [ 8.87580093e+01  3.70815111e+01  2.14074986e-01  3.78406154e-01]
 [ 8.89790032e+01  3.74562631e+01  2.27876540e-01  3.71036133e-01]
 [ 8.92131290e+01  3.78232358e+01  2.40336531e-01  3.62848960e-01]
 [ 8.94602351e+01  3.81826023e+01  2.53835248e-01  3.55824966e-01]
 [ 8.97190536e+01  3.85344395e+01  2.63759112e-01  3.47791480e-01]
 [ 8.99882647e+01  3.88783014e+01  2.74618891e-01  3.39875885e-01]
 [ 9.02674577e+01  3.92137170e+01  2.83721050e-01  3.30900092e-01]
 [ 9.05572099e+01  3.95391468e+01  2.95735867e-01  3.19905762e-01]]

Misure della traiettoria:
 [[96.74450567  8.59789341]
 [96.79685054  8.9917377 ]
 [96.84901372  9.37572243]
 [96.87524599  9.72555604]
 [96.84523524 10.04563541]
 [96.85961285 10.3400569 ]
 [96.9224382  10.65245787]
 [96.92441199 10.92853137]
 [96.91107726 11.20165171]
 [96.85776187 11.49126353]
 [96.82372288 11.74384273]
 [96.75754083 11.96136059]
 [96.66027439 12.25864061]
 [96.63028793 12.46291938]
 [96.623175   12.69694957]
 [96.51246724 12.96081612]
 [96.47431434 13.21188379]
 [96.36891959 13.36622469]
 [96.34380305 13.59459704]
 [96.30622319 13.78034424]
 [96.248757   13.95888257]
 [96.13765972 14.16009759]
 [96.06187167 14.31071472]
 [95.94184955 14.47903169]
 [95.85725297 14.61179728]
 [95.7416796  14.81960064]
 [95.57877239 14.96099576]
 [95.52327619 15.06023876]
 [95.37185785 15.23919284]
 [95.26023693 15.41754685]
 [95.09003173 15.65556866]
 [94.96080156 15.84490653]
 [94.79632338 16.0955459 ]
 [94.65241273 16.27751949]
 [94.4889752  16.38778531]
 [94.28641006 16.63174935]
 [94.15736972 16.79307569]
 [93.98123826 17.00494469]
 [93.85475844 17.19621197]
 [93.73482359 17.45508897]
 [93.58220387 17.70827458]
 [93.31994359 17.92845527]
 [93.06008043 18.20533364]
 [92.90974124 18.46500016]
 [92.66048108 18.70751802]
 [92.40928306 18.91934752]
 [92.21822716 19.12451235]
 [91.95344536 19.35138843]
 [91.70844273 19.64895451]
 [91.38541689 19.96674904]
 [91.11423682 20.20875563]
 [90.81863623 20.54100864]
 [90.48197069 20.87165803]
 [90.2444147  21.17059222]
 [89.92274517 21.49349809]
 [89.68525855 21.85800607]
 [89.40299082 22.22212746]
 [89.1285068  22.5656549 ]
 [88.89386575 22.9592116 ]
 [88.69904413 23.32322992]
 [88.47074357 23.67408727]
 [88.28741878 24.08180243]
 [88.09461452 24.48358812]
 [87.96534083 24.92189184]
 [87.7725017  25.31003003]
 [87.62560679 25.6846615 ]
 [87.47157109 26.09629112]
 [87.43190731 26.53536534]
 [87.26727349 26.92825658]
 [87.15126902 27.36973873]
 [87.08114509 27.794464  ]
 [87.00372284 28.24888976]
 [87.00478222 28.67540698]
 [86.96139269 29.10006981]
 [86.91672249 29.51981489]
 [86.91402248 29.94735626]
 [86.94796716 30.43814604]
 [86.94943037 30.83673994]
 [86.96424267 31.22304942]
 [86.99281511 31.71170073]
 [87.05131526 32.16266053]
 [87.14468676 32.56687721]
 [87.22588288 33.03451205]
 [87.30665012 33.44866331]
 [87.4080741  33.86875677]
 [87.57632833 34.28923281]
 [87.65941976 34.71539511]
 [87.80875657 35.12954392]
 [87.98431645 35.50979667]
 [88.1818584  35.92704954]
 [88.374      36.32321954]
 [88.51370268 36.67052419]
 [88.76276484 37.10435845]
 [88.98756338 37.44874563]
 [89.20294635 37.81962666]
 [89.44655526 38.17246914]
 [89.70536938 38.53560761]
 [90.02581155 38.90193261]
 [90.27122532 39.2064035 ]
 [90.55400252 39.52552266]]


Traiettoria 5: 

Stato vero della traiettoria:
 [[ 4.09618276e+01  1.80901619e+02  0.00000000e+00  2.18141140e-02]
 [ 4.09777018e+01  1.80926290e+02  3.17484604e-02  2.75277634e-02]
 [ 4.10154292e+01  1.80937415e+02  4.37062836e-02 -5.27758857e-03]
 [ 4.10701340e+01  1.80945816e+02  6.57034280e-02  2.20798527e-02]
 [ 4.11271931e+01  1.80975799e+02  4.84147774e-02  3.78852485e-02]
 [ 4.11606504e+01  1.81006135e+02  1.84998258e-02  2.27864851e-02]
 [ 4.12526513e+01  1.81018292e+02  1.65501964e-01  1.52810378e-03]
 [ 4.14033156e+01  1.81020766e+02  1.35826620e-01  3.41931852e-03]
 [ 4.15236560e+01  1.81034448e+02  1.04854096e-01  2.39455368e-02]
 [ 4.16322980e+01  1.81040516e+02  1.12429923e-01 -1.18102004e-02]
 [ 4.17380239e+01  1.81017095e+02  9.90218518e-02 -3.50309571e-02]
 [ 4.18550923e+01  1.80959905e+02  1.35114955e-01 -7.93494736e-02]
 [ 4.19660739e+01  1.80858348e+02  8.68483327e-02 -1.23764878e-01]
 [ 4.20724310e+01  1.80759041e+02  1.25865848e-01 -7.48475260e-02]
 [ 4.22078995e+01  1.80683796e+02  1.45071153e-01 -7.56429541e-02]
 [ 4.23385124e+01  1.80608544e+02  1.16154753e-01 -7.48606039e-02]
 [ 4.24622341e+01  1.80539280e+02  1.31288519e-01 -6.36679102e-02]
 [ 4.25998988e+01  1.80474026e+02  1.44041015e-01 -6.68408996e-02]
 [ 4.27384262e+01  1.80419666e+02  1.33013642e-01 -4.18793877e-02]
 [ 4.28526668e+01  1.80363228e+02  9.54675540e-02 -7.09953470e-02]
 [ 4.29396719e+01  1.80313971e+02  7.85426033e-02 -2.75190679e-02]
 [ 4.30244546e+01  1.80272522e+02  9.10229166e-02 -5.53785099e-02]
 [ 4.31234976e+01  1.80235169e+02  1.07063106e-01 -1.93275193e-02]
 [ 4.32338917e+01  1.80217539e+02  1.13724967e-01 -1.59328838e-02]
 [ 4.33468085e+01  1.80212878e+02  1.12108614e-01  6.61038989e-03]
 [ 4.34549047e+01  1.80218469e+02  1.04083963e-01  4.57197478e-03]
 [ 4.35672052e+01  1.80219640e+02  1.20516991e-01 -2.22979086e-03]
 [ 4.37029940e+01  1.80203141e+02  1.51060549e-01 -3.07680594e-02]
 [ 4.38655161e+01  1.80157697e+02  1.73983709e-01 -6.01195651e-02]
 [ 4.40392123e+01  1.80081783e+02  1.73408686e-01 -9.17082303e-02]
 [ 4.41989232e+01  1.79978306e+02  1.46013128e-01 -1.15247226e-01]
 [ 4.43471661e+01  1.79859912e+02  1.50472569e-01 -1.21540525e-01]
 [ 4.44897634e+01  1.79705260e+02  1.34722016e-01 -1.87762663e-01]
 [ 4.46214501e+01  1.79507039e+02  1.28651417e-01 -2.08680753e-01]
 [ 4.47308858e+01  1.79287162e+02  9.02199744e-02 -2.31073313e-01]
 [ 4.48248372e+01  1.79068552e+02  9.76828434e-02 -2.06145751e-01]
 [ 4.49122326e+01  1.78860237e+02  7.71079558e-02 -2.10483950e-01]
 [ 4.50038221e+01  1.78666792e+02  1.06071049e-01 -1.76405549e-01]
 [ 4.51004996e+01  1.78491151e+02  8.72840500e-02 -1.74876917e-01]
 [ 4.52062893e+01  1.78303616e+02  1.24295304e-01 -2.00193706e-01]
 [ 4.53318324e+01  1.78109389e+02  1.26790820e-01 -1.88259711e-01]
 [ 4.54504732e+01  1.77910336e+02  1.10490811e-01 -2.09845745e-01]
 [ 4.55517206e+01  1.77684722e+02  9.20039143e-02 -2.41382326e-01]
 [ 4.56363324e+01  1.77443152e+02  7.72197767e-02 -2.41758671e-01]
 [ 4.57199009e+01  1.77233755e+02  8.99172385e-02 -1.77034700e-01]
 [ 4.58123322e+01  1.77041535e+02  9.49454286e-02 -2.07405968e-01]
 [ 4.59081079e+01  1.76827560e+02  9.66059053e-02 -2.20543970e-01]
 [ 4.59903871e+01  1.76570420e+02  6.79524503e-02 -2.93736024e-01]
 [ 4.60512275e+01  1.76288718e+02  5.37283391e-02 -2.69667200e-01]
 [ 4.60922952e+01  1.76032454e+02  2.84071431e-02 -2.42861651e-01]
 [ 4.61235953e+01  1.75791422e+02  3.41930285e-02 -2.39201336e-01]
 [ 4.61533841e+01  1.75550310e+02  2.53796409e-02 -2.42983366e-01]
 [ 4.61765272e+01  1.75309474e+02  2.09028962e-02 -2.38649919e-01]
 [ 4.61937877e+01  1.75072375e+02  1.36152764e-02 -2.35507942e-01]
 [ 4.62005370e+01  1.74837651e+02 -1.18242226e-04 -2.33902133e-01]
 [ 4.62006538e+01  1.74603268e+02  3.52423500e-04 -2.34825029e-01]
 [ 4.61967597e+01  1.74367439e+02 -8.14005637e-03 -2.36794269e-01]
 [ 4.61857457e+01  1.74131918e+02 -1.38859884e-02 -2.34208434e-01]
 [ 4.61693219e+01  1.73899105e+02 -1.89587511e-02 -2.31379724e-01]
 [ 4.61469380e+01  1.73667728e+02 -2.58053413e-02 -2.31335630e-01]
 [ 4.61193924e+01  1.73436151e+02 -2.92809057e-02 -2.31780472e-01]
 [ 4.60862471e+01  1.73202850e+02 -3.70044227e-02 -2.34782530e-01]
 [ 4.60471233e+01  1.72966804e+02 -4.12365161e-02 -2.37271031e-01]
 [ 4.59998795e+01  1.72734080e+02 -5.32435580e-02 -2.28139161e-01]
 [ 4.59441889e+01  1.72507565e+02 -5.81283209e-02 -2.24853190e-01]
 [ 4.58837205e+01  1.72281776e+02 -6.27984465e-02 -2.26687425e-01]
 [ 4.58161238e+01  1.72055995e+02 -7.23839937e-02 -2.24838212e-01]
 [ 4.57414569e+01  1.71830088e+02 -7.69372229e-02 -2.26939678e-01]
 [ 4.56617427e+01  1.71603195e+02 -8.24779300e-02 -2.26808674e-01]
 [ 4.55761849e+01  1.71378957e+02 -8.86235609e-02 -2.21630749e-01]
 [ 4.54847251e+01  1.71157384e+02 -9.42809068e-02 -2.21478077e-01]
 [ 4.53884909e+01  1.70937455e+02 -9.81714681e-02 -2.18343715e-01]
 [ 4.52875592e+01  1.70720144e+02 -1.03675185e-01 -2.16243396e-01]
 [ 4.51807065e+01  1.70505544e+02 -1.10012573e-01 -2.12920228e-01]
 [ 4.50674962e+01  1.70296227e+02 -1.16389452e-01 -2.05678879e-01]
 [ 4.49483840e+01  1.70091822e+02 -1.21815250e-01 -2.03099030e-01]
 [ 4.48231639e+01  1.69890888e+02 -1.28604347e-01 -1.98735667e-01]
 [ 4.46897803e+01  1.69691585e+02 -1.38141233e-01 -1.99837786e-01]
 [ 4.45492349e+01  1.69493394e+02 -1.42926230e-01 -1.96511857e-01]
 [ 4.44035737e+01  1.69298099e+02 -1.48372202e-01 -1.94044727e-01]
 [ 4.42527409e+01  1.69106333e+02 -1.53268612e-01 -1.89456101e-01]
 [ 4.40967197e+01  1.68920592e+02 -1.58747972e-01 -1.81995562e-01]
 [ 4.39348710e+01  1.68743019e+02 -1.64922913e-01 -1.73121934e-01]
 [ 4.37634391e+01  1.68572902e+02 -1.77913311e-01 -1.67082599e-01]
 [ 4.35815268e+01  1.68406394e+02 -1.85881652e-01 -1.65906440e-01]
 [ 4.33956974e+01  1.68242665e+02 -1.85746053e-01 -1.61525684e-01]
 [ 4.32096806e+01  1.68087031e+02 -1.86256505e-01 -1.49715033e-01]
 [ 4.30188250e+01  1.67941416e+02 -1.95423713e-01 -1.41492112e-01]
 [ 4.28214928e+01  1.67803010e+02 -1.99208185e-01 -1.35295573e-01]
 [ 4.26214528e+01  1.67669947e+02 -2.00838729e-01 -1.30809066e-01]
 [ 4.24165175e+01  1.67544619e+02 -2.08998479e-01 -1.19826408e-01]
 [ 4.22085802e+01  1.67427872e+02 -2.06841380e-01 -1.13648436e-01]
 [ 4.19976786e+01  1.67319490e+02 -2.14927677e-01 -1.03097927e-01]
 [ 4.17807486e+01  1.67220031e+02 -2.18896566e-01 -9.58036491e-02]
 [ 4.15616052e+01  1.67128362e+02 -2.19354106e-01 -8.75191415e-02]
 [ 4.13406032e+01  1.67043807e+02 -2.22613581e-01 -8.15761521e-02]
 [ 4.11147042e+01  1.66966053e+02 -2.29147506e-01 -7.39203021e-02]
 [ 4.08842497e+01  1.66895057e+02 -2.31723673e-01 -6.80600580e-02]
 [ 4.06501163e+01  1.66831361e+02 -2.36504772e-01 -5.93205633e-02]
 [ 4.04126538e+01  1.66776006e+02 -2.38381299e-01 -5.13794453e-02]]

Misure della traiettoria:
 [[ 40.95064057 180.91825575]
 [ 40.98072132 180.93068035]
 [ 40.99406772 180.9721967 ]
 [ 41.08745638 180.94957889]
 [ 41.12978164 181.00945783]
 [ 41.16954438 181.00900512]
 [ 41.27131883 181.03014248]
 [ 41.42131827 181.03240006]
 [ 41.48348193 181.05711181]
 [ 41.63674499 181.04131898]
 [ 41.72720909 181.043261  ]
 [ 41.87677375 180.97425236]
 [ 41.95385787 180.85278922]
 [ 42.0883569  180.7182742 ]
 [ 42.21753136 180.71385342]
 [ 42.33547106 180.59257578]
 [ 42.46289207 180.52060952]
 [ 42.59744312 180.50514888]
 [ 42.74626281 180.45223073]
 [ 42.84692585 180.3851332 ]
 [ 42.9469607  180.32842873]
 [ 43.00241952 180.24536296]
 [ 43.15982182 180.23875911]
 [ 43.2440726  180.22392529]
 [ 43.38594347 180.26093736]
 [ 43.45025498 180.24375781]
 [ 43.54288697 180.21844837]
 [ 43.68876842 180.19409231]
 [ 43.88917112 180.13014906]
 [ 44.00295053 180.07605126]
 [ 44.20544458 179.97446105]
 [ 44.35773099 179.86009839]
 [ 44.47716726 179.74115284]
 [ 44.62040066 179.49510939]
 [ 44.71965729 179.27901179]
 [ 44.82358391 179.10034534]
 [ 44.91312174 178.91484175]
 [ 44.97830821 178.67678553]
 [ 45.11413    178.49011471]
 [ 45.19967254 178.3158143 ]
 [ 45.33823374 178.09088928]
 [ 45.43443201 177.92284586]
 [ 45.58337623 177.6663598 ]
 [ 45.65963773 177.4223548 ]
 [ 45.72518974 177.2279044 ]
 [ 45.81774204 177.05168654]
 [ 45.92600204 176.81022245]
 [ 46.02120127 176.59585208]
 [ 46.04110142 176.29369838]
 [ 46.09350041 176.0405825 ]
 [ 46.13046539 175.77262296]
 [ 46.13903342 175.55025139]
 [ 46.18473905 175.33204702]
 [ 46.21258259 175.09302563]
 [ 46.19291042 174.86102889]
 [ 46.1772152  174.59523451]
 [ 46.19726263 174.3258613 ]
 [ 46.18355692 174.11288756]
 [ 46.16370786 173.87697128]
 [ 46.14101858 173.65753344]
 [ 46.10852267 173.41372225]
 [ 46.11005363 173.19253727]
 [ 46.05156339 172.92978429]
 [ 46.00548833 172.72667003]
 [ 45.8976992  172.50255772]
 [ 45.85774852 172.24918854]
 [ 45.81110013 172.038691  ]
 [ 45.72193302 171.81758421]
 [ 45.63622641 171.56983043]
 [ 45.61261996 171.40036757]
 [ 45.49827225 171.15163333]
 [ 45.36693894 170.91878092]
 [ 45.25721882 170.73020247]
 [ 45.22028264 170.50465108]
 [ 45.06249452 170.29656152]
 [ 44.94992647 170.07722002]
 [ 44.85955218 169.90970199]
 [ 44.74718623 169.68783264]
 [ 44.58625736 169.50041583]
 [ 44.38416125 169.30197061]
 [ 44.26830713 169.11020554]
 [ 44.08374223 168.89409156]
 [ 43.92911588 168.73911791]
 [ 43.7681407  168.57026358]
 [ 43.58163644 168.37171642]
 [ 43.41897424 168.24071835]
 [ 43.2242522  168.09011184]
 [ 43.02169138 167.91745337]
 [ 42.85258955 167.79690297]
 [ 42.64216059 167.61433899]
 [ 42.40474719 167.53233531]
 [ 42.23714027 167.42658629]
 [ 41.9888751  167.34560227]
 [ 41.76590455 167.26670904]
 [ 41.5487768  167.12517844]
 [ 41.33334367 167.00864766]
 [ 41.13692489 166.97205195]
 [ 40.89455862 166.85542754]
 [ 40.65511191 166.84014268]
 [ 40.43458991 166.79900502]]


Traiettoria 6: 

Stato vero della traiettoria:
 [[ 9.17463958e+01  1.16563893e+02  0.00000000e+00  5.84175205e-01]
 [ 9.17654391e+01  1.17128816e+02  3.80864910e-02  5.45668901e-01]
 [ 9.18146067e+01  1.17695363e+02  6.02487270e-02  5.87425046e-01]
 [ 9.18734602e+01  1.18269820e+02  5.74582534e-02  5.61490054e-01]
 [ 9.19288452e+01  1.18844356e+02  5.33118505e-02  5.87582582e-01]
 [ 9.19755369e+01  1.19437228e+02  4.00715488e-02  5.98159752e-01]
 [ 9.19931937e+01  1.20002843e+02 -4.75793352e-03  5.33071833e-01]
 [ 9.19792495e+01  1.20553433e+02 -2.31304852e-02  5.68108148e-01]
 [ 9.19565750e+01  1.21117971e+02 -2.22185043e-02  5.60967279e-01]
 [ 9.19249211e+01  1.21697926e+02 -4.10892769e-02  5.98942143e-01]
 [ 9.19025951e+01  1.22313030e+02 -3.56276207e-03  6.31267337e-01]
 [ 9.19058416e+01  1.22945782e+02  1.00557908e-02  6.34236299e-01]
 [ 9.19273428e+01  1.23572494e+02  3.29466472e-02  6.19187658e-01]
 [ 9.19618468e+01  1.24182198e+02  3.60612197e-02  6.00219331e-01]
 [ 9.19951565e+01  1.24745921e+02  3.05583239e-02  5.27227274e-01]
 [ 9.20306833e+01  1.25305215e+02  4.04951088e-02  5.91360424e-01]
 [ 9.20836792e+01  1.25893353e+02  6.54967990e-02  5.84915189e-01]
 [ 9.21691974e+01  1.26469688e+02  1.05539643e-01  5.67754723e-01]
 [ 9.22519685e+01  1.27026317e+02  6.00025379e-02  5.45503270e-01]
 [ 9.23008799e+01  1.27573813e+02  3.78201552e-02  5.49489956e-01]
 [ 9.23955197e+01  1.28142731e+02  1.51459414e-01  5.88346070e-01]
 [ 9.25459897e+01  1.28720383e+02  1.49480673e-01  5.66956417e-01]
 [ 9.27018698e+01  1.29312022e+02  1.62279441e-01  6.16321639e-01]
 [ 9.28808446e+01  1.29925934e+02  1.95670313e-01  6.11502226e-01]
 [ 9.30911414e+01  1.30531195e+02  2.24923306e-01  5.99020058e-01]
 [ 9.33193984e+01  1.31127199e+02  2.31590571e-01  5.92988504e-01]
 [ 9.35630085e+01  1.31769374e+02  2.55629584e-01  6.91362192e-01]
 [ 9.38310439e+01  1.32477994e+02  2.80441300e-01  7.25877873e-01]
 [ 9.40989469e+01  1.33167157e+02  2.55364761e-01  6.52447822e-01]
 [ 9.43512944e+01  1.33842912e+02  2.49330250e-01  6.99062183e-01]
 [ 9.45906526e+01  1.34555513e+02  2.29386123e-01  7.26139205e-01]
 [ 9.48140191e+01  1.35293811e+02  2.17346820e-01  7.50457230e-01]
 [ 9.50451564e+01  1.36023725e+02  2.44927740e-01  7.09371425e-01]
 [ 9.53274651e+01  1.36734109e+02  3.19689645e-01  7.11395311e-01]
 [ 9.56775603e+01  1.37481727e+02  3.80500849e-01  7.83840676e-01]
 [ 9.60285770e+01  1.38287935e+02  3.21532460e-01  8.28576574e-01]
 [ 9.63485526e+01  1.39126339e+02  3.18418773e-01  8.48231560e-01]
 [ 9.67103759e+01  1.39975937e+02  4.05227879e-01  8.50963782e-01]
 [ 9.70952330e+01  1.40814185e+02  3.64486386e-01  8.25532928e-01]
 [ 9.74581757e+01  1.41678506e+02  3.61398846e-01  9.03108137e-01]
 [ 9.78239229e+01  1.42561445e+02  3.70095534e-01  8.62770188e-01]
 [ 9.81731908e+01  1.43392455e+02  3.28440431e-01  7.99249293e-01]
 [ 9.85393604e+01  1.44198577e+02  4.03898750e-01  8.12995035e-01]
 [ 9.89529040e+01  1.45035970e+02  4.23188441e-01  8.61790342e-01]
 [ 9.93713878e+01  1.45892162e+02  4.13779043e-01  8.50595087e-01]
 [ 9.97654400e+01  1.46737312e+02  3.74325350e-01  8.39703948e-01]
 [ 1.00167329e+02  1.47567571e+02  4.29453204e-01  8.20813745e-01]
 [ 1.00585495e+02  1.48383290e+02  4.06877460e-01  8.10624964e-01]
 [ 1.01023170e+02  1.49195623e+02  4.68473418e-01  8.14039854e-01]
 [ 1.01490273e+02  1.50021639e+02  4.65732544e-01  8.37992187e-01]
 [ 1.01966176e+02  1.50851613e+02  4.86073462e-01  8.21955816e-01]
 [ 1.02465867e+02  1.51667894e+02  5.13227262e-01  8.10473420e-01]
 [ 1.02989945e+02  1.52472603e+02  5.34840784e-01  7.98812334e-01]
 [ 1.03539396e+02  1.53263491e+02  5.63971723e-01  7.82832548e-01]
 [ 1.04116485e+02  1.54035435e+02  5.90111594e-01  7.60929777e-01]
 [ 1.04721315e+02  1.54785338e+02  6.19449683e-01  7.38751879e-01]
 [ 1.05354318e+02  1.55514276e+02  6.46451487e-01  7.19004676e-01]
 [ 1.06010609e+02  1.56220825e+02  6.66022918e-01  6.93977153e-01]
 [ 1.06688901e+02  1.56905301e+02  6.90449698e-01  6.74862077e-01]
 [ 1.07389968e+02  1.57567605e+02  7.11569167e-01  6.49636899e-01]
 [ 1.08110463e+02  1.58206144e+02  7.29302140e-01  6.27334669e-01]
 [ 1.08850417e+02  1.58825689e+02  7.50483900e-01  6.11654650e-01]
 [ 1.09609779e+02  1.59426564e+02  7.68116389e-01  5.89997659e-01]
 [ 1.10387215e+02  1.60002982e+02  7.86627699e-01  5.62742783e-01]
 [ 1.11182891e+02  1.60551495e+02  8.04592968e-01  5.34193191e-01]
 [ 1.11997072e+02  1.61074864e+02  8.23634261e-01  5.12458014e-01]
 [ 1.12827361e+02  1.61573506e+02  8.36807234e-01  4.84745025e-01]
 [ 1.13672448e+02  1.62042733e+02  8.53228817e-01  4.53630679e-01]
 [ 1.14531564e+02  1.62484067e+02  8.64860673e-01  4.28964065e-01]
 [ 1.15401759e+02  1.62899633e+02  8.75386229e-01  4.02101032e-01]
 [ 1.16283134e+02  1.63285921e+02  8.87218623e-01  3.70409450e-01]
 [ 1.17177737e+02  1.63640631e+02  9.01841112e-01  3.38953194e-01]
 [ 1.18084377e+02  1.63967320e+02  9.11289905e-01  3.14371557e-01]
 [ 1.18998856e+02  1.64267517e+02  9.17516296e-01  2.85972725e-01]
 [ 1.19919041e+02  1.64538063e+02  9.22703399e-01  2.55073964e-01]
 [ 1.20845661e+02  1.64775403e+02  9.30384135e-01  2.19566791e-01]
 [ 1.21781290e+02  1.64981757e+02  9.40719505e-01  1.93108061e-01]
 [ 1.22724166e+02  1.65159462e+02  9.44876721e-01  1.62272941e-01]
 [ 1.23671019e+02  1.65306634e+02  9.48674027e-01  1.32045473e-01]
 [ 1.24621605e+02  1.65423988e+02  9.52342079e-01  1.02643451e-01]
 [ 1.25577194e+02  1.65511513e+02  9.58679078e-01  7.23932028e-02]
 [ 1.26535649e+02  1.65569851e+02  9.58071989e-01  4.42735390e-02]
 [ 1.27493955e+02  1.65600144e+02  9.58382240e-01  1.63058764e-02]
 [ 1.28453525e+02  1.65600386e+02  9.60600806e-01 -1.58206150e-02]
 [ 1.29414095e+02  1.65569179e+02  9.60381865e-01 -4.65879519e-02]
 [ 1.30373702e+02  1.65507202e+02  9.58673077e-01 -7.73560316e-02]
 [ 1.31329013e+02  1.65412561e+02  9.51792334e-01 -1.11910747e-01]
 [ 1.32277336e+02  1.65286262e+02  9.44697822e-01 -1.40666711e-01]
 [ 1.33220385e+02  1.65131767e+02  9.41245172e-01 -1.68299110e-01]
 [ 1.34157307e+02  1.64951653e+02  9.32444318e-01 -1.91898773e-01]
 [ 1.35089130e+02  1.64744268e+02  9.31048322e-01 -2.22836699e-01]
 [ 1.36015000e+02  1.64509077e+02  9.20539624e-01 -2.47505328e-01]
 [ 1.36932263e+02  1.64246810e+02  9.13835790e-01 -2.76987008e-01]
 [ 1.37842313e+02  1.63956663e+02  9.06114271e-01 -3.03258346e-01]
 [ 1.38743548e+02  1.63638956e+02  8.96206524e-01 -3.32103036e-01]
 [ 1.39635214e+02  1.63291306e+02  8.86980520e-01 -3.63139394e-01]
 [ 1.40516159e+02  1.62915598e+02  8.74764531e-01 -3.88215882e-01]
 [ 1.41386344e+02  1.62515486e+02  8.65461855e-01 -4.11941089e-01]
 [ 1.42243710e+02  1.62091743e+02  8.49128657e-01 -4.35474702e-01]
 [ 1.43085958e+02  1.61645473e+02  8.35229119e-01 -4.56991993e-01]]

Misure della traiettoria:
 [[ 91.74774284 116.55604331]
 [ 91.75709585 117.12432431]
 [ 91.80550952 117.70223836]
 [ 91.8825549  118.29548124]
 [ 91.93719007 118.8557821 ]
 [ 91.95528126 119.4230473 ]
 [ 91.99311464 120.0333687 ]
 [ 91.9614452  120.52143246]
 [ 91.99224037 121.09197284]
 [ 91.92550241 121.71376058]
 [ 91.87117898 122.31253836]
 [ 91.88699629 122.93108877]
 [ 91.90007031 123.58796566]
 [ 91.9467435  124.18047877]
 [ 92.01408405 124.78065237]
 [ 92.03802906 125.33170702]
 [ 92.07393056 125.88357933]
 [ 92.14963316 126.46018624]
 [ 92.22678365 127.05880071]
 [ 92.32502694 127.52646585]
 [ 92.41277757 128.18857775]
 [ 92.5489126  128.73337708]
 [ 92.67796418 129.3290325 ]
 [ 92.86541799 129.92889847]
 [ 93.09021721 130.5316067 ]
 [ 93.29049324 131.15124971]
 [ 93.51325646 131.77200129]
 [ 93.83176619 132.49284414]
 [ 94.08716046 133.14801554]
 [ 94.35761462 133.83954598]
 [ 94.60834997 134.53733749]
 [ 94.79324911 135.28899488]
 [ 95.00696636 136.04158778]
 [ 95.30676474 136.74099684]
 [ 95.68223313 137.47323884]
 [ 96.02798522 138.29063397]
 [ 96.33405252 139.10096447]
 [ 96.69763882 140.00380856]
 [ 97.08635243 140.80030539]
 [ 97.45062186 141.66800979]
 [ 97.8058037  142.5513515 ]
 [ 98.16630464 143.4006213 ]
 [ 98.56815518 144.15669949]
 [ 98.93530463 145.04316077]
 [ 99.36956233 145.88423996]
 [ 99.78337421 146.71323005]
 [100.18593287 147.56418566]
 [100.58395068 148.39150475]
 [101.01380983 149.19629381]
 [101.48684919 150.03374217]
 [101.92985267 150.84950404]
 [102.46500412 151.6750402 ]
 [102.95088688 152.45910982]
 [103.54245089 153.29553493]
 [104.10000022 154.03480781]
 [104.74723055 154.76368518]
 [105.35421742 155.50094514]
 [106.00324369 156.20542805]
 [106.71988553 156.94270062]
 [107.40298108 157.5716619 ]
 [108.10088931 158.16693223]
 [108.87834376 158.84409066]
 [109.64337345 159.42608055]
 [110.36946672 159.99311007]
 [111.18497321 160.58705799]
 [112.02184915 161.06968621]
 [112.81561074 161.60894725]
 [113.65988416 162.02632485]
 [114.56060411 162.46665045]
 [115.40658386 162.87539524]
 [116.27083507 163.29826022]
 [117.19848276 163.657796  ]
 [118.11964979 163.97846424]
 [118.99775264 164.28534201]
 [119.97879121 164.53220146]
 [120.86739101 164.72241567]
 [121.75128578 164.95046834]
 [122.75048873 165.1759084 ]
 [123.66037567 165.29277631]
 [124.63689052 165.39336027]
 [125.57877029 165.47535766]
 [126.55115809 165.58582146]
 [127.49228308 165.59879502]
 [128.4514873  165.63630836]
 [129.40511428 165.58437244]
 [130.3895311  165.51461321]
 [131.31874455 165.38661782]
 [132.28709485 165.2967611 ]
 [133.23491665 165.11233266]
 [134.15413318 164.96669298]
 [135.10354522 164.72857453]
 [135.98549799 164.51436257]
 [136.96019505 164.24452206]
 [137.85885929 163.92862121]
 [138.75235995 163.65081515]
 [139.6388199  163.28310666]
 [140.53186679 162.94295145]
 [141.40792979 162.47723151]
 [142.2299389  162.07969104]
 [143.03339508 161.6330447 ]]


Traiettoria 7: 

Stato vero della traiettoria:
 [[ 1.80509717e+02  8.56075334e+01  0.00000000e+00  4.09745728e-01]
 [ 1.80507991e+02  8.60179893e+01 -3.45087732e-03  4.11166101e-01]
 [ 1.80508016e+02  8.64301932e+01  3.49975500e-03  4.13241723e-01]
 [ 1.80508176e+02  8.68391402e+01 -3.17997709e-03  4.04652214e-01]
 [ 1.80509296e+02  8.72495439e+01  5.42035788e-03  4.16155146e-01]
 [ 1.80507301e+02  8.76645587e+01 -9.41076287e-03  4.13874517e-01]
 [ 1.80493579e+02  8.80852346e+01 -1.80329001e-02  4.27477385e-01]
 [ 1.80468240e+02  8.85239471e+01 -3.26439791e-02  4.49947469e-01]
 [ 1.80443122e+02  8.89727227e+01 -1.75928382e-02  4.47603838e-01]
 [ 1.80431677e+02  8.94212236e+01 -5.29740342e-03  4.49397846e-01]
 [ 1.80423026e+02  8.98714601e+01 -1.20044351e-02  4.51075167e-01]
 [ 1.80412507e+02  9.03284587e+01 -9.03363817e-03  4.62922143e-01]
 [ 1.80407468e+02  9.07852273e+01 -1.04383410e-03  4.50614943e-01]
 [ 1.80411035e+02  9.12366221e+01  8.17837650e-03  4.52174655e-01]
 [ 1.80415761e+02  9.16844578e+01  1.27245975e-03  4.43496715e-01]
 [ 1.80414690e+02  9.21255947e+01 -3.41387174e-03  4.38777184e-01]
 [ 1.80403161e+02  9.25710528e+01 -1.96450980e-02  4.52139095e-01]
 [ 1.80377996e+02  9.30232093e+01 -3.06835579e-02  4.52173901e-01]
 [ 1.80347639e+02  9.34815117e+01 -3.00308080e-02  4.64430901e-01]
 [ 1.80323077e+02  9.39410073e+01 -1.90931226e-02  4.54560155e-01]
 [ 1.80304967e+02  9.43959726e+01 -1.71273089e-02  4.55370606e-01]
 [ 1.80290233e+02  9.48467335e+01 -1.23402064e-02  4.46151023e-01]
 [ 1.80272725e+02  9.52991689e+01 -2.26766049e-02  4.58719891e-01]
 [ 1.80252023e+02  9.57583255e+01 -1.87274106e-02  4.59593208e-01]
 [ 1.80225258e+02  9.62243311e+01 -3.48014114e-02  4.72417988e-01]
 [ 1.80192454e+02  9.67013882e+01 -3.08069763e-02  4.81696279e-01]
 [ 1.80163789e+02  9.71898754e+01 -2.65239025e-02  4.95278180e-01]
 [ 1.80135104e+02  9.76915425e+01 -3.08458874e-02  5.08055925e-01]
 [ 1.80101313e+02  9.81976355e+01 -3.67352911e-02  5.04130068e-01]
 [ 1.80062251e+02  9.87043499e+01 -4.13891186e-02  5.09298872e-01]
 [ 1.80030144e+02  9.92210625e+01 -2.28253363e-02  5.24126220e-01]
 [ 1.80010622e+02  9.97415370e+01 -1.62176009e-02  5.16822797e-01]
 [ 1.79995192e+02  1.00269317e+02 -1.46439578e-02  5.38736844e-01]
 [ 1.79970918e+02  1.00821031e+02 -3.39041224e-02  5.64691725e-01]
 [ 1.79939985e+02  1.01374067e+02 -2.79602412e-02  5.41380523e-01]
 [ 1.79908780e+02  1.01914675e+02 -3.44501500e-02  5.39834253e-01]
 [ 1.79880490e+02  1.02452249e+02 -2.21296527e-02  5.35313772e-01]
 [ 1.79850677e+02  1.02988886e+02 -3.74976529e-02  5.37960649e-01]
 [ 1.79801870e+02  1.03524446e+02 -6.01153382e-02  5.33160654e-01]
 [ 1.79749606e+02  1.04060597e+02 -4.44129131e-02  5.39141252e-01]
 [ 1.79707667e+02  1.04605619e+02 -3.94642889e-02  5.50900979e-01]
 [ 1.79668571e+02  1.05158536e+02 -3.87286317e-02  5.54934441e-01]
 [ 1.79639023e+02  1.05708956e+02 -2.03669696e-02  5.45904423e-01]
 [ 1.79623927e+02  1.06256369e+02 -9.82487771e-03  5.48921437e-01]
 [ 1.79612732e+02  1.06802111e+02 -1.25657450e-02  5.42563793e-01]
 [ 1.79602805e+02  1.07348263e+02 -7.28810435e-03  5.49739457e-01]
 [ 1.79603047e+02  1.07897047e+02  7.77184148e-03  5.47828519e-01]
 [ 1.79611879e+02  1.08439915e+02  9.89169405e-03  5.37907742e-01]
 [ 1.79625543e+02  1.08976580e+02  1.74365948e-02  5.35421665e-01]
 [ 1.79650262e+02  1.09511255e+02  3.20026147e-02  5.33928616e-01]
 [ 1.79683287e+02  1.10045798e+02  3.40464349e-02  5.35158253e-01]
 [ 1.79726096e+02  1.10580210e+02  5.15649002e-02  5.33577519e-01]
 [ 1.79785697e+02  1.11113760e+02  6.76265405e-02  5.33433867e-01]
 [ 1.79862069e+02  1.11645879e+02  8.51051882e-02  5.30716801e-01]
 [ 1.79956256e+02  1.12176045e+02  1.03254072e-01  5.29527999e-01]
 [ 1.80067958e+02  1.12703274e+02  1.20130575e-01  5.24843394e-01]
 [ 1.80196043e+02  1.13225779e+02  1.36019132e-01  5.20080249e-01]
 [ 1.80340017e+02  1.13743771e+02  1.51905188e-01  5.15819606e-01]
 [ 1.80499829e+02  1.14256457e+02  1.67692011e-01  5.09468308e-01]
 [ 1.80675603e+02  1.14763254e+02  1.83828304e-01  5.04042115e-01]
 [ 1.80867396e+02  1.15264648e+02  1.99724429e-01  4.98663727e-01]
 [ 1.81074855e+02  1.15761050e+02  2.15159586e-01  4.94058743e-01]
 [ 1.81297107e+02  1.16251242e+02  2.29308375e-01  4.86243715e-01]
 [ 1.81533187e+02  1.16734399e+02  2.42813087e-01  4.79992030e-01]
 [ 1.81783642e+02  1.17210642e+02  2.58055486e-01  4.72414297e-01]
 [ 1.82048723e+02  1.17679195e+02  2.72062724e-01  4.64614505e-01]
 [ 1.82328876e+02  1.18139612e+02  2.88197818e-01  4.56143561e-01]
 [ 1.82624982e+02  1.18592412e+02  3.03964646e-01  4.49382028e-01]
 [ 1.82936024e+02  1.19036796e+02  3.18068180e-01  4.39313091e-01]
 [ 1.83260730e+02  1.19470664e+02  3.31291689e-01  4.28351831e-01]
 [ 1.83598828e+02  1.19893735e+02  3.44847397e-01  4.17720606e-01]
 [ 1.83950814e+02  1.20305525e+02  3.59068155e-01  4.05791200e-01]
 [ 1.84317024e+02  1.20704794e+02  3.73291104e-01  3.92681974e-01]
 [ 1.84696390e+02  1.21090886e+02  3.85378980e-01  3.79438682e-01]
 [ 1.85087024e+02  1.21464343e+02  3.95824470e-01  3.67413848e-01]
 [ 1.85488259e+02  1.21826131e+02  4.06579891e-01  3.56103062e-01]
 [ 1.85900186e+02  1.22174808e+02  4.17206002e-01  3.41192575e-01]
 [ 1.86321804e+02  1.22508535e+02  4.25959655e-01  3.26207084e-01]
 [ 1.86752582e+02  1.22828288e+02  4.35525046e-01  3.13246091e-01]
 [ 1.87193197e+02  1.23134979e+02  4.45632910e-01  3.00084510e-01]
 [ 1.87643123e+02  1.23428474e+02  4.54144433e-01  2.86858521e-01]
 [ 1.88102028e+02  1.23707606e+02  4.63590872e-01  2.71359755e-01]
 [ 1.88569496e+02  1.23971309e+02  4.71267704e-01  2.56002762e-01]
 [ 1.89045170e+02  1.24219426e+02  4.80002872e-01  2.40189808e-01]
 [ 1.89529282e+02  1.24452628e+02  4.88141791e-01  2.26176484e-01]
 [ 1.90021274e+02  1.24670937e+02  4.95760516e-01  2.10404487e-01]
 [ 1.90521328e+02  1.24872698e+02  5.04265600e-01  1.93084477e-01]
 [ 1.91027614e+02  1.25058103e+02  5.08223375e-01  1.77695365e-01]
 [ 1.91538426e+02  1.25227939e+02  5.13315679e-01  1.61948510e-01]
 [ 1.92054221e+02  1.25382172e+02  5.18190716e-01  1.46492489e-01]
 [ 1.92574143e+02  1.25520781e+02  5.21567557e-01  1.30702522e-01]
 [ 1.93097311e+02  1.25643403e+02  5.24682975e-01  1.14521754e-01]
 [ 1.93624297e+02  1.25749773e+02  5.29201671e-01  9.81997104e-02]
 [ 1.94154877e+02  1.25840614e+02  5.31871529e-01  8.34682244e-02]
 [ 1.94687223e+02  1.25915827e+02  5.32732054e-01  6.69447533e-02]
 [ 1.95221089e+02  1.25974399e+02  5.34911442e-01  5.01895440e-02]
 [ 1.95756086e+02  1.26017054e+02  5.34996033e-01  3.51142721e-02]
 [ 1.96290506e+02  1.26044118e+02  5.33755318e-01  1.90083441e-02]
 [ 1.96824987e+02  1.26055064e+02  5.35118307e-01  2.88308467e-03]
 [ 1.97359512e+02  1.26049745e+02  5.33844949e-01 -1.35207024e-02]]

Misure della traiettoria:
 [[180.50950028  85.60324523]
 [180.52509822  85.9960147 ]
 [180.50409884  86.42610362]
 [180.51473614  86.82560174]
 [180.50373851  87.2385647 ]
 [180.49195898  87.68993355]
 [180.49554933  88.07138091]
 [180.47059439  88.53335147]
 [180.47899681  88.98949178]
 [180.42143514  89.38447249]
 [180.39758014  89.87340658]
 [180.37345649  90.35706154]
 [180.43618177  90.76636533]
 [180.40788508  91.26765136]
 [180.41993017  91.67688288]
 [180.41022559  92.10933816]
 [180.39869416  92.58572964]
 [180.40500539  92.9947962 ]
 [180.3434908   93.48516482]
 [180.32022839  93.92926302]
 [180.29470912  94.41581943]
 [180.28114152  94.83115528]
 [180.24599251  95.31275921]
 [180.2709522   95.76548498]
 [180.21409565  96.25900594]
 [180.20590016  96.72620212]
 [180.21246029  97.17012678]
 [180.1021203   97.70165473]
 [180.12327554  98.18890194]
 [180.05429889  98.69668833]
 [180.01959697  99.22429894]
 [180.02531168  99.73196696]
 [179.98217727 100.27938147]
 [179.97328062 100.82333706]
 [179.95945249 101.36617611]
 [179.92304485 101.91885076]
 [179.89490783 102.45338944]
 [179.84379617 102.95710368]
 [179.80642835 103.51465284]
 [179.73152553 104.06290651]
 [179.71122684 104.61661616]
 [179.66501702 105.1141883 ]
 [179.6606181  105.6923945 ]
 [179.60375021 106.27267993]
 [179.60320977 106.83492422]
 [179.61323597 107.33715179]
 [179.59326448 107.87799812]
 [179.6378649  108.44291043]
 [179.61993975 108.95491158]
 [179.65021019 109.52714092]
 [179.6922926  110.06529908]
 [179.71330316 110.58276516]
 [179.77096873 111.11885038]
 [179.85546117 111.66784887]
 [179.93563112 112.17608787]
 [180.09029176 112.69979901]
 [180.18858498 113.21930036]
 [180.35054063 113.74805529]
 [180.45249786 114.25876194]
 [180.67328956 114.74510645]
 [180.88078472 115.26063043]
 [181.07470961 115.79945537]
 [181.32984157 116.26866371]
 [181.53015751 116.75906571]
 [181.76609774 117.21380555]
 [182.0598694  117.70683696]
 [182.34188205 118.15285049]
 [182.61370283 118.5557821 ]
 [182.90898167 118.99684483]
 [183.2955431  119.51125185]
 [183.60922894 119.91120691]
 [183.92118185 120.33428261]
 [184.29455572 120.74852281]
 [184.72834921 121.10138576]
 [185.0861335  121.45343523]
 [185.50784524 121.83904087]
 [185.90485403 122.17389263]
 [186.32414985 122.50130296]
 [186.74544018 122.85032396]
 [187.2110492  123.14562394]
 [187.6543851  123.45150577]
 [188.08816293 123.7285179 ]
 [188.60594968 123.96282403]
 [189.08389153 124.21829726]
 [189.52529497 124.44416687]
 [189.99607847 124.6729521 ]
 [190.5065355  124.86516815]
 [191.03029208 125.03356899]
 [191.51163611 125.1804117 ]
 [192.06830192 125.40921292]
 [192.55965056 125.5302696 ]
 [193.10980356 125.62890915]
 [193.62498399 125.75413601]
 [194.13055717 125.84496436]
 [194.67487623 125.91813011]
 [195.24057509 125.97719484]
 [195.72792625 126.06173525]
 [196.26944611 126.08867968]
 [196.81793607 126.04416418]
 [197.35843413 126.0479684 ]]


Traiettoria 8: 

Stato vero della traiettoria:
 [[ 1.34086294e+02  1.80813548e+02  0.00000000e+00  2.02904415e-02]
 [ 1.34107014e+02  1.80851954e+02  4.14396087e-02  5.65204965e-02]
 [ 1.34154194e+02  1.80885405e+02  5.29204566e-02  1.03825104e-02]
 [ 1.34203584e+02  1.80895223e+02  4.58588311e-02  9.25378617e-03]
 [ 1.34220528e+02  1.80935924e+02 -1.19697103e-02  7.21470841e-02]
 [ 1.34188190e+02  1.81012743e+02 -5.27064248e-02  8.14910666e-02]
 [ 1.34137097e+02  1.81081716e+02 -4.94795385e-02  5.64554454e-02]
 [ 1.34111570e+02  1.81133152e+02 -1.57359927e-03  4.64157972e-02]
 [ 1.34092593e+02  1.81168653e+02 -3.63815288e-02  2.45858467e-02]
 [ 1.34055126e+02  1.81177330e+02 -3.85515060e-02 -7.23198141e-03]
 [ 1.34017001e+02  1.81162061e+02 -3.76999109e-02 -2.33059220e-02]
 [ 1.33980163e+02  1.81144001e+02 -3.59761640e-02 -1.28138618e-02]
 [ 1.33932338e+02  1.81138012e+02 -5.96729345e-02  8.36668801e-04]
 [ 1.33858440e+02  1.81141481e+02 -8.81223649e-02  6.10021602e-03]
 [ 1.33762053e+02  1.81147871e+02 -1.04652796e-01  6.68129256e-03]
 [ 1.33650587e+02  1.81139265e+02 -1.18279202e-01 -2.38943887e-02]
 [ 1.33539829e+02  1.81137050e+02 -1.03237436e-01  1.94642415e-02]
 [ 1.33433320e+02  1.81170702e+02 -1.09779564e-01  4.78395281e-02]
 [ 1.33336487e+02  1.81231037e+02 -8.38872191e-02  7.28311243e-02]
 [ 1.33261879e+02  1.81290599e+02 -6.53290987e-02  4.62934776e-02]
 [ 1.33193962e+02  1.81320277e+02 -7.05030271e-02  1.30619457e-02]
 [ 1.33091517e+02  1.81320225e+02 -1.34387096e-01 -1.31665385e-02]
 [ 1.32982343e+02  1.81325007e+02 -8.39623866e-02  2.27315901e-02]
 [ 1.32889449e+02  1.81365095e+02 -1.01825146e-01  5.74446068e-02]
 [ 1.32809130e+02  1.81461500e+02 -5.88117035e-02  1.35364925e-01]
 [ 1.32733119e+02  1.81613235e+02 -9.32106838e-02  1.68105508e-01]
 [ 1.32602879e+02  1.81777880e+02 -1.67268991e-01  1.61184183e-01]
 [ 1.32437765e+02  1.81931533e+02 -1.62960481e-01  1.46121770e-01]
 [ 1.32321805e+02  1.82049061e+02 -6.89587167e-02  8.89343020e-02]
 [ 1.32268363e+02  1.82121143e+02 -3.79260401e-02  5.52286277e-02]
 [ 1.32246496e+02  1.82150352e+02 -5.80811349e-03  3.18961795e-03]
 [ 1.32244478e+02  1.82179569e+02  1.77314047e-03  5.52458430e-02]
 [ 1.32258188e+02  1.82213344e+02  2.56470905e-02  1.23034555e-02]
 [ 1.32263866e+02  1.82242743e+02 -1.42924563e-02  4.64937917e-02]
 [ 1.32244215e+02  1.82295517e+02 -2.50089449e-02  5.90539007e-02]
 [ 1.32220890e+02  1.82323733e+02 -2.16402134e-02 -2.62110811e-03]
 [ 1.32202767e+02  1.82347489e+02 -1.46060438e-02  5.01330965e-02]
 [ 1.32181158e+02  1.82375862e+02 -2.86124200e-02  6.61219850e-03]
 [ 1.32154789e+02  1.82394122e+02 -2.41250094e-02  2.99080428e-02]
 [ 1.32103071e+02  1.82469132e+02 -7.93112740e-02  1.20112133e-01]
 [ 1.32033797e+02  1.82602404e+02 -5.92375095e-02  1.46431925e-01]
 [ 1.32016139e+02  1.82728939e+02  2.39228749e-02  1.06639330e-01]
 [ 1.32032199e+02  1.82827738e+02  8.19557248e-03  9.09568761e-02]
 [ 1.32070615e+02  1.82927842e+02  6.86375914e-02  1.09252343e-01]
 [ 1.32131209e+02  1.83023428e+02  5.25499203e-02  8.19194604e-02]
 [ 1.32183689e+02  1.83102487e+02  5.24099842e-02  7.61982255e-02]
 [ 1.32213156e+02  1.83171346e+02  6.52341848e-03  6.15203464e-02]
 [ 1.32231231e+02  1.83234597e+02  2.96271807e-02  6.49806835e-02]
 [ 1.32257440e+02  1.83279534e+02  2.27901761e-02  2.48944116e-02]
 [ 1.32288029e+02  1.83316789e+02  3.83884280e-02  4.96156626e-02]
 [ 1.32324566e+02  1.83396740e+02  3.46862679e-02  1.10285393e-01]
 [ 1.32361118e+02  1.83506534e+02  3.84107266e-02  1.09285097e-01]
 [ 1.32399720e+02  1.83614705e+02  3.87870899e-02  1.07039206e-01]
 [ 1.32440073e+02  1.83720997e+02  4.19120771e-02  1.05527441e-01]
 [ 1.32483803e+02  1.83825634e+02  4.55404184e-02  1.03728047e-01]
 [ 1.32534685e+02  1.83928868e+02  5.62160198e-02  1.02723195e-01]
 [ 1.32592507e+02  1.84032940e+02  5.94184744e-02  1.05404427e-01]
 [ 1.32654405e+02  1.84137523e+02  6.43686806e-02  1.03743972e-01]
 [ 1.32720793e+02  1.84239444e+02  6.83963595e-02  1.00082257e-01]
 [ 1.32790421e+02  1.84338398e+02  7.08473534e-02  9.78081434e-02]
 [ 1.32864211e+02  1.84434926e+02  7.67207738e-02  9.52336390e-02]
 [ 1.32942791e+02  1.84529628e+02  8.04273715e-02  9.41547150e-02]
 [ 1.33024199e+02  1.84622874e+02  8.23745928e-02  9.23217474e-02]
 [ 1.33107632e+02  1.84715404e+02  8.44765034e-02  9.27228595e-02]
 [ 1.33193156e+02  1.84806166e+02  8.65583459e-02  8.87865733e-02]
 [ 1.33282349e+02  1.84894097e+02  9.18135940e-02  8.70613585e-02]
 [ 1.33375142e+02  1.84980790e+02  9.37571109e-02  8.63090091e-02]
 [ 1.33468822e+02  1.85067737e+02  9.35861368e-02  8.75714992e-02]
 [ 1.33564158e+02  1.85153030e+02  9.70709732e-02  8.30005508e-02]
 [ 1.33661957e+02  1.85233602e+02  9.85096938e-02  7.81290921e-02]
 [ 1.33761048e+02  1.85310344e+02  9.96571184e-02  7.53425411e-02]
 [ 1.33862225e+02  1.85383340e+02  1.02679108e-01  7.06376592e-02]
 [ 1.33966570e+02  1.85451803e+02  1.05995071e-01  6.62769253e-02]
 [ 1.34073806e+02  1.85517241e+02  1.08458469e-01  6.45896374e-02]
 [ 1.34181411e+02  1.85580004e+02  1.06734246e-01  6.09247798e-02]
 [ 1.34289479e+02  1.85639171e+02  1.09383566e-01  5.73994464e-02]
 [ 1.34399441e+02  1.85693988e+02  1.10523437e-01  5.22254288e-02]
 [ 1.34511363e+02  1.85744189e+02  1.13302125e-01  4.81696468e-02]
 [ 1.34624569e+02  1.85790293e+02  1.13090590e-01  4.40292531e-02]
 [ 1.34737359e+02  1.85832994e+02  1.12470597e-01  4.13671191e-02]
 [ 1.34849913e+02  1.85873111e+02  1.12618194e-01  3.88594491e-02]
 [ 1.34963909e+02  1.85910095e+02  1.15354860e-01  3.51021327e-02]
 [ 1.35081895e+02  1.85943363e+02  1.20599566e-01  3.14281634e-02]
 [ 1.35202919e+02  1.85973825e+02  1.21427044e-01  2.94915946e-02]
 [ 1.35324188e+02  1.86001798e+02  1.21091547e-01  2.64506376e-02]
 [ 1.35447204e+02  1.86026865e+02  1.24921105e-01  2.36793281e-02]
 [ 1.35573195e+02  1.86048438e+02  1.27039095e-01  1.94615418e-02]
 [ 1.35700565e+02  1.86065287e+02  1.27680669e-01  1.42339326e-02]
 [ 1.35828620e+02  1.86075935e+02  1.28408009e-01  7.06107581e-03]
 [ 1.35956388e+02  1.86081730e+02  1.27108127e-01  4.52739226e-03]
 [ 1.36082175e+02  1.86082889e+02  1.24444576e-01 -2.20933418e-03]
 [ 1.36208117e+02  1.86081178e+02  1.27418796e-01 -1.21121285e-03]
 [ 1.36336158e+02  1.86077824e+02  1.28642072e-01 -5.49732209e-03]
 [ 1.36464942e+02  1.86070125e+02  1.28905038e-01 -9.89993352e-03]
 [ 1.36593525e+02  1.86056935e+02  1.28239604e-01 -1.64784133e-02]
 [ 1.36722026e+02  1.86038794e+02  1.28740778e-01 -1.97987152e-02]
 [ 1.36849617e+02  1.86016298e+02  1.26419903e-01 -2.51906538e-02]
 [ 1.36975195e+02  1.85990922e+02  1.24716385e-01 -2.55560054e-02]
 [ 1.37098114e+02  1.85963486e+02  1.21101214e-01 -2.93130885e-02]
 [ 1.37218736e+02  1.85933233e+02  1.20123134e-01 -3.11866848e-02]]

Misure della traiettoria:
 [[134.07329907 180.79617465]
 [134.12634011 180.8646503 ]
 [134.12038105 180.91314887]
 [134.17350255 180.86783184]
 [134.17806748 180.90159839]
 [134.22163031 181.0350391 ]
 [134.15899653 181.07683735]
 [134.13443138 181.14285689]
 [134.08835224 181.18087917]
 [134.10499013 181.20111963]
 [134.01307383 181.17369841]
 [134.00270581 181.10875691]
 [133.91852074 181.12391414]
 [133.85784386 181.12481734]
 [133.74820583 181.1298385 ]
 [133.60635218 181.14998727]
 [133.54119908 181.14089279]
 [133.42979942 181.1815748 ]
 [133.32984039 181.21936202]
 [133.26659625 181.2685306 ]
 [133.21774963 181.33647299]
 [133.12245647 181.27316565]
 [132.97478424 181.34167157]
 [132.88730923 181.34784088]
 [132.82250651 181.46884416]
 [132.72338385 181.61342189]
 [132.6024763  181.81770993]
 [132.45437184 181.89545774]
 [132.33032348 182.06268122]
 [132.30947066 182.11355698]
 [132.26377326 182.17100881]
 [132.2595431  182.16782569]
 [132.28977907 182.21973519]
 [132.25817969 182.25054147]
 [132.25883664 182.2930205 ]
 [132.20982585 182.34430003]
 [132.20961612 182.35294247]
 [132.17819138 182.38294162]
 [132.14684877 182.38994272]
 [132.12919644 182.47297604]
 [132.03787555 182.59976113]
 [132.0294867  182.71075122]
 [132.02018331 182.84625532]
 [132.03695278 182.88170335]
 [132.13337011 183.00977377]
 [132.19636778 183.11457133]
 [132.19722389 183.14770126]
 [132.2250769  183.24753699]
 [132.26889272 183.27770908]
 [132.2811995  183.32221624]
 [132.3125439  183.37006571]
 [132.34912551 183.51181154]
 [132.41046723 183.63480744]
 [132.45091265 183.73101551]
 [132.48239404 183.82248537]
 [132.51563604 183.92155434]
 [132.59002597 184.01909599]
 [132.6693312  184.15036591]
 [132.7061862  184.23500284]
 [132.81290618 184.3530487 ]
 [132.84082397 184.4112973 ]
 [132.9612579  184.5334892 ]
 [133.01737573 184.63104126]
 [133.10940438 184.6926702 ]
 [133.16291334 184.82759608]
 [133.29000614 184.89114364]
 [133.36204034 184.94725123]
 [133.45384554 185.10872802]
 [133.55157074 185.15172975]
 [133.68758041 185.21741659]
 [133.74924265 185.27159778]
 [133.81495744 185.37011188]
 [133.99902715 185.46158574]
 [134.08705114 185.52387511]
 [134.20405579 185.60009918]
 [134.29296399 185.60943395]
 [134.42323697 185.70340561]
 [134.51309835 185.7400791 ]
 [134.60933019 185.80180745]
 [134.75105538 185.87280678]
 [134.83976846 185.88336927]
 [134.93051339 185.90180229]
 [135.05540708 185.93921756]
 [135.19734078 185.97359018]
 [135.31285894 185.98947859]
 [135.44746549 186.01419301]
 [135.56879387 186.0520932 ]
 [135.69232677 186.06631192]
 [135.83755549 186.05463846]
 [135.94771008 186.08424265]
 [136.10966698 186.05286978]
 [136.21420595 186.10292905]
 [136.36303151 186.07728423]
 [136.49886452 186.0598738 ]
 [136.57361109 186.07527032]
 [136.68686197 185.9939132 ]
 [136.86672332 186.03125638]
 [136.99357828 185.98858978]
 [137.0827757  185.95768579]
 [137.22080147 185.92639067]]


Traiettoria 9: 

Stato vero della traiettoria:
 [[ 1.55405772e+02  1.85781494e+02  0.00000000e+00  8.43410129e-01]
 [ 1.55371847e+02  1.86607658e+02 -6.78506227e-02  8.08918214e-01]
 [ 1.55309909e+02  1.87414110e+02 -5.60259859e-02  8.03986378e-01]
 [ 1.55255716e+02  1.88204214e+02 -5.23594847e-02  7.76222565e-01]
 [ 1.55186490e+02  1.88994197e+02 -8.60921427e-02  8.03741878e-01]
 [ 1.55106614e+02  1.89822317e+02 -7.36593675e-02  8.52499300e-01]
 [ 1.55023512e+02  1.90676545e+02 -9.25452728e-02  8.55955439e-01]
 [ 1.54966930e+02  1.91500264e+02 -2.06188811e-02  7.91484089e-01]
 [ 1.54934627e+02  1.92298342e+02 -4.39870611e-02  8.04670428e-01]
 [ 1.54872557e+02  1.93096770e+02 -8.01533148e-02  7.92186044e-01]
 [ 1.54822570e+02  1.93869608e+02 -1.98201343e-02  7.53490272e-01]
 [ 1.54790663e+02  1.94665372e+02 -4.39937419e-02  8.38036999e-01]
 [ 1.54725578e+02  1.95529797e+02 -8.61771661e-02  8.90813832e-01]
 [ 1.54623164e+02  1.96429962e+02 -1.18650154e-01  9.09515047e-01]
 [ 1.54500072e+02  1.97328754e+02 -1.27533560e-01  8.88069835e-01]
 [ 1.54398253e+02  1.98227584e+02 -7.61048100e-02  9.09590287e-01]
 [ 1.54313791e+02  1.99166642e+02 -9.28184434e-02  9.68526197e-01]
 [ 1.54227888e+02  2.00151733e+02 -7.89886218e-02  1.00165487e+00]
 [ 1.54152747e+02  2.01133677e+02 -7.12929785e-02  9.62234304e-01]
 [ 1.54072668e+02  2.02132915e+02 -8.88644308e-02  1.03624126e+00]
 [ 1.53983628e+02  2.03197842e+02 -8.92170029e-02  1.09361222e+00]
 [ 1.53881787e+02  2.04332898e+02 -1.14464333e-01  1.17649966e+00]
 [ 1.53778391e+02  2.05516284e+02 -9.23286984e-02  1.19027314e+00]
 [ 1.53664268e+02  2.06713988e+02 -1.35916757e-01  1.20513389e+00]
 [ 1.53545280e+02  2.07924532e+02 -1.02058118e-01  1.21595481e+00]
 [ 1.53417841e+02  2.09179370e+02 -1.52819913e-01  1.29372107e+00]
 [ 1.53267310e+02  2.10456268e+02 -1.48243495e-01  1.26007374e+00]
 [ 1.53134656e+02  2.11712770e+02 -1.17063899e-01  1.25293195e+00]
 [ 1.52985804e+02  2.12968144e+02 -1.80639192e-01  1.25781627e+00]
 [ 1.52838032e+02  2.14222860e+02 -1.14905859e-01  1.25161551e+00]
 [ 1.52723776e+02  2.15477368e+02 -1.13605455e-01  1.25739979e+00]
 [ 1.52599896e+02  2.16737371e+02 -1.34154484e-01  1.26260611e+00]
 [ 1.52436131e+02  2.18032199e+02 -1.93376646e-01  1.32705061e+00]
 [ 1.52245828e+02  2.19358994e+02 -1.87228714e-01  1.32653917e+00]
 [ 1.52055330e+02  2.20697192e+02 -1.93766917e-01  1.34985562e+00]
 [ 1.51892047e+02  2.22064500e+02 -1.32800208e-01  1.38476063e+00]
 [ 1.51780320e+02  2.23457631e+02 -9.06539540e-02  1.40150219e+00]
 [ 1.51689170e+02  2.24854160e+02 -9.16460197e-02  1.39155494e+00]
 [ 1.51606823e+02  2.26253249e+02 -7.30476497e-02  1.40662396e+00]
 [ 1.51539330e+02  2.27674409e+02 -6.19384817e-02  1.43569607e+00]
 [ 1.51482215e+02  2.29149610e+02 -5.22917966e-02  1.51470555e+00]
 [ 1.51417365e+02  2.30663077e+02 -7.74062945e-02  1.51222931e+00]
 [ 1.51342047e+02  2.32173964e+02 -7.32299476e-02  1.50954409e+00]
 [ 1.51261053e+02  2.33635965e+02 -8.87592942e-02  1.41445668e+00]
 [ 1.51185696e+02  2.35073050e+02 -6.19550377e-02  1.45971445e+00]
 [ 1.51121689e+02  2.36522531e+02 -6.60589498e-02  1.43924812e+00]
 [ 1.51063476e+02  2.37963308e+02 -5.03653771e-02  1.44230524e+00]
 [ 1.50994367e+02  2.39395880e+02 -8.78532181e-02  1.42283903e+00]
 [ 1.50900431e+02  2.40802341e+02 -1.00019918e-01  1.39008282e+00]
 [ 1.50774435e+02  2.42190739e+02 -1.51970223e-01  1.38671336e+00]
 [ 1.50629258e+02  2.43575328e+02 -1.38384046e-01  1.38246468e+00]
 [ 1.50513715e+02  2.44960399e+02 -9.26826868e-02  1.38745001e+00]
 [ 1.50443270e+02  2.46349213e+02 -4.81959386e-02  1.38994874e+00]
 [ 1.50416880e+02  2.47740600e+02 -4.57956212e-03  1.39259557e+00]
 [ 1.50432356e+02  2.49134978e+02  3.55288520e-02  1.39593172e+00]
 [ 1.50489581e+02  2.50528700e+02  7.89103687e-02  1.39128308e+00]
 [ 1.50590483e+02  2.51918746e+02  1.22877212e-01  1.38858153e+00]
 [ 1.50735897e+02  2.53304270e+02  1.67927395e-01  1.38223696e+00]
 [ 1.50924999e+02  2.54683239e+02  2.10245657e-01  1.37547489e+00]
 [ 1.51156322e+02  2.56055575e+02  2.52362366e-01  1.36897168e+00]
 [ 1.51431335e+02  2.57421562e+02  2.97617312e-01  1.36277657e+00]
 [ 1.51749586e+02  2.58779415e+02  3.38833477e-01  1.35270704e+00]
 [ 1.52108050e+02  2.60126169e+02  3.78034729e-01  1.34057810e+00]
 [ 1.52508160e+02  2.61462733e+02  4.22119038e-01  1.33233203e+00]
 [ 1.52951429e+02  2.62789027e+02  4.64346997e-01  1.32003762e+00]
 [ 1.53435619e+02  2.64100428e+02  5.03953411e-01  1.30254874e+00]
 [ 1.53960251e+02  2.65394264e+02  5.45224710e-01  1.28491028e+00]
 [ 1.54525240e+02  2.66672573e+02  5.84659290e-01  1.27149674e+00]
 [ 1.55129433e+02  2.67934259e+02  6.23626653e-01  1.25166895e+00]
 [ 1.55772111e+02  2.69177021e+02  6.61625257e-01  1.23365036e+00]
 [ 1.56453296e+02  2.70400347e+02  7.00632298e-01  1.21279964e+00]
 [ 1.57171449e+02  2.71600958e+02  7.35554032e-01  1.18822575e+00]
 [ 1.57926091e+02  2.72777417e+02  7.73606767e-01  1.16449752e+00]
 [ 1.58716216e+02  2.73928023e+02  8.06512256e-01  1.13652595e+00]
 [ 1.59541311e+02  2.75049988e+02  8.43543188e-01  1.10721917e+00]
 [ 1.60401351e+02  2.76143817e+02  8.76394656e-01  1.08025782e+00]
 [ 1.61294594e+02  2.77210395e+02  9.09944650e-01  1.05272302e+00]
 [ 1.62221642e+02  2.78249271e+02  9.43998326e-01  1.02485934e+00]
 [ 1.63180602e+02  2.79257554e+02  9.73764386e-01  9.91540264e-01]
 [ 1.64169839e+02  2.80234488e+02  1.00454768e+00  9.62166487e-01]
 [ 1.65191357e+02  2.81181061e+02  1.03832096e+00  9.30824248e-01]
 [ 1.66244955e+02  2.82095408e+02  1.06870110e+00  8.97718306e-01]
 [ 1.67327327e+02  2.82976810e+02  1.09586387e+00  8.64942668e-01]
 [ 1.68436231e+02  2.83826701e+02  1.12176334e+00  8.34698975e-01]
 [ 1.69569632e+02  2.84643559e+02  1.14485183e+00  7.98882130e-01]
 [ 1.70726083e+02  2.85424373e+02  1.16785817e+00  7.62617832e-01]
 [ 1.71905159e+02  2.86168276e+02  1.19010064e+00  7.25065952e-01]
 [ 1.73107201e+02  2.86873966e+02  1.21378502e+00  6.86197855e-01]
 [ 1.74331945e+02  2.87541121e+02  1.23550207e+00  6.48001653e-01]
 [ 1.75578303e+02  2.88170369e+02  1.25700903e+00  6.10390727e-01]
 [ 1.76846059e+02  2.88759562e+02  1.27829431e+00  5.67898385e-01]
 [ 1.78133757e+02  2.89308489e+02  1.29689083e+00  5.29867094e-01]
 [ 1.79439243e+02  2.89817123e+02  1.31386600e+00  4.87315301e-01]
 [ 1.80761417e+02  2.90283797e+02  1.33026582e+00  4.45957824e-01]
 [ 1.82099191e+02  2.90709280e+02  1.34506202e+00  4.04937692e-01]
 [ 1.83450414e+02  2.91092177e+02  1.35716092e+00  3.60793712e-01]
 [ 1.84812231e+02  2.91431778e+02  1.36624850e+00  3.18351983e-01]
 [ 1.86183457e+02  2.91728785e+02  1.37597897e+00  2.75612805e-01]
 [ 1.87562902e+02  2.91982073e+02  1.38268423e+00  2.30922155e-01]
 [ 1.88949668e+02  2.92192613e+02  1.39062014e+00  1.90122194e-01]]

Misure della traiettoria:
 [[155.41411828 185.7774548 ]
 [155.38312493 186.59615138]
 [155.27976981 187.40484817]
 [155.24754959 188.21107518]
 [155.18841798 188.95432934]
 [155.10682584 189.84350369]
 [155.02696541 190.65932212]
 [154.96054943 191.52002742]
 [154.92763329 192.2737844 ]
 [154.87239221 193.09819223]
 [154.837748   193.85437911]
 [154.80348136 194.66871894]
 [154.72953489 195.49374936]
 [154.63237638 196.42309087]
 [154.53384646 197.33425101]
 [154.39927208 198.26112903]
 [154.31407525 199.15157236]
 [154.19979552 200.16202394]
 [154.12863472 201.15245226]
 [154.04937922 202.16045345]
 [153.97382231 203.19038446]
 [153.88565699 204.31811433]
 [153.75650735 205.51211059]
 [153.60648365 206.75623186]
 [153.54582812 207.92082183]
 [153.43030881 209.16626264]
 [153.25381097 210.45529036]
 [153.1506564  211.74591649]
 [152.98642905 212.96857264]
 [152.82601528 214.21037132]
 [152.70822978 215.45370403]
 [152.62038207 216.70944416]
 [152.41605599 218.01253533]
 [152.27295221 219.32201673]
 [152.02614588 220.69607731]
 [151.89280098 222.08436045]
 [151.75530621 223.4313515 ]
 [151.6299337  224.8226818 ]
 [151.60068405 226.26261247]
 [151.55151077 227.68819281]
 [151.4506467  229.12770327]
 [151.43752835 230.64011432]
 [151.3310575  232.15145256]
 [151.2717203  233.6991271 ]
 [151.16402896 235.08455163]
 [151.10807423 236.51067473]
 [151.06950837 237.98056538]
 [151.04042578 239.38913443]
 [150.90135521 240.80791815]
 [150.75237149 242.14394418]
 [150.62784024 243.59175436]
 [150.51293614 244.96319787]
 [150.46625736 246.33537648]
 [150.4011788  247.75314454]
 [150.41787173 249.15682782]
 [150.50326905 250.51020064]
 [150.57887148 251.91094395]
 [150.77586169 253.32411917]
 [150.91618533 254.6930156 ]
 [151.12479447 256.03648205]
 [151.457528   257.4359393 ]
 [151.74580691 258.79389859]
 [152.10857291 260.15493394]
 [152.49490622 261.48100023]
 [152.9298364  262.74385567]
 [153.42261364 264.11011807]
 [153.99925119 265.40256773]
 [154.55604581 266.67473241]
 [155.14201809 267.98340464]
 [155.77736483 269.15665428]
 [156.46332982 270.41117057]
 [157.18554457 271.59344218]
 [157.9488847  272.74274976]
 [158.70198445 273.90291037]
 [159.51718727 275.08021565]
 [160.39783937 276.16823685]
 [161.29006741 277.2154996 ]
 [162.23054458 278.24517694]
 [163.15853175 279.27559479]
 [164.16557468 280.23706078]
 [165.20226219 281.16562923]
 [166.24894721 282.07069366]
 [167.36286846 282.98782828]
 [168.40220318 283.85002106]
 [169.56317583 284.655585  ]
 [170.70631743 285.43613147]
 [171.89147711 286.17052892]
 [173.1076488  286.86810253]
 [174.33251027 287.53811014]
 [175.60738754 288.15123921]
 [176.82625877 288.73225424]
 [178.12914172 289.30281418]
 [179.43608392 289.82084807]
 [180.78352825 290.28395261]
 [182.10091926 290.68492197]
 [183.44294499 291.04542586]
 [184.81383173 291.42598815]
 [186.1833654  291.73000309]
 [187.55821336 292.02433854]
 [188.96927469 292.19207104]]


Traiettoria 10: 

Stato vero della traiettoria:
 [[ 1.57957155e+02  1.78551899e+01  0.00000000e+00  8.42331900e-01]
 [ 1.57953554e+02  1.87010651e+01 -7.20203994e-03  8.49418376e-01]
 [ 1.57947227e+02  1.95469108e+01 -5.45032667e-03  8.42273168e-01]
 [ 1.57942599e+02  2.03802485e+01 -3.80579017e-03  8.24402232e-01]
 [ 1.57941092e+02  2.12005385e+01  7.91631517e-04  8.16177619e-01]
 [ 1.57935498e+02  2.20270606e+01 -1.19791873e-02  8.36866746e-01]
 [ 1.57920511e+02  2.28691214e+01 -1.79962046e-02  8.47254745e-01]
 [ 1.57910007e+02  2.37172374e+01 -3.01154687e-03  8.48977292e-01]
 [ 1.57911559e+02  2.45536387e+01  6.11489552e-03  8.23825286e-01]
 [ 1.57919841e+02  2.53866471e+01  1.04493500e-02  8.42191465e-01]
 [ 1.57943311e+02  2.62311429e+01  3.64907995e-02  8.46800186e-01]
 [ 1.57991000e+02  2.70724159e+01  5.88870824e-02  8.35745796e-01]
 [ 1.58038822e+02  2.79001258e+01  3.67582651e-02  8.19674070e-01]
 [ 1.58071418e+02  2.87220838e+01  2.84339646e-02  8.24241885e-01]
 [ 1.58105002e+02  2.95474871e+01  3.87335304e-02  8.26564645e-01]
 [ 1.58129956e+02  3.03689087e+01  1.11745186e-02  8.16278652e-01]
 [ 1.58158941e+02  3.11797717e+01  4.67949752e-02  8.05447267e-01]
 [ 1.58198441e+02  3.20003952e+01  3.22045575e-02  8.35799892e-01]
 [ 1.58231483e+02  3.28211045e+01  3.38801270e-02  8.05618652e-01]
 [ 1.58253801e+02  3.36437225e+01  1.07563665e-02  8.39617279e-01]
 [ 1.58243836e+02  3.44821580e+01 -3.06864024e-02  8.37253713e-01]
 [ 1.58207038e+02  3.53125724e+01 -4.29098602e-02  8.23575056e-01]
 [ 1.58159671e+02  3.61378834e+01 -5.18247514e-02  8.27046952e-01]
 [ 1.58101459e+02  3.69653970e+01 -6.45981646e-02  8.27980351e-01]
 [ 1.58052724e+02  3.78021016e+01 -3.28718520e-02  8.45428732e-01]
 [ 1.58029389e+02  3.86448069e+01 -1.37986357e-02  8.39981957e-01]
 [ 1.58013974e+02  3.94723574e+01 -1.70319382e-02  8.15119028e-01]
 [ 1.58001135e+02  4.02924700e+01 -8.64672978e-03  8.25106279e-01]
 [ 1.57998968e+02  4.11044157e+01  4.31433733e-03  7.98784948e-01]
 [ 1.58005547e+02  4.19004123e+01  8.84231248e-03  7.93208292e-01]
 [ 1.58022840e+02  4.26823027e+01  2.57440059e-02  7.70572600e-01]
 [ 1.58057920e+02  4.34672663e+01  4.44164631e-02  7.99354481e-01]
 [ 1.58108140e+02  4.42760394e+01  5.60238354e-02  8.18191864e-01]
 [ 1.58166488e+02  4.51057560e+01  6.06707025e-02  8.41241352e-01]
 [ 1.58219270e+02  4.59410728e+01  4.48940858e-02  8.29392067e-01]
 [ 1.58260551e+02  4.67673106e+01  3.76678186e-02  8.23083546e-01]
 [ 1.58301889e+02  4.76052670e+01  4.50078818e-02  8.52829293e-01]
 [ 1.58359065e+02  4.84537773e+01  6.93452123e-02  8.44191256e-01]
 [ 1.58436351e+02  4.92945836e+01  8.52255047e-02  8.37421522e-01]
 [ 1.58506712e+02  5.01237647e+01  5.54965040e-02  8.20940660e-01]
 [ 1.58544198e+02  5.09227611e+01  1.94757765e-02  7.77051968e-01]
 [ 1.58582899e+02  5.16966759e+01  5.79272394e-02  7.70777711e-01]
 [ 1.58629136e+02  5.24537035e+01  3.45461484e-02  7.43277569e-01]
 [ 1.58663466e+02  5.32003570e+01  3.41141230e-02  7.50029351e-01]
 [ 1.58698784e+02  5.39499900e+01  3.65213338e-02  7.49236720e-01]
 [ 1.58728846e+02  5.47069366e+01  2.36034222e-02  7.64656464e-01]
 [ 1.58755085e+02  5.54732810e+01  2.88741860e-02  7.68032345e-01]
 [ 1.58777576e+02  5.62270770e+01  1.61079729e-02  7.39559551e-01]
 [ 1.58786789e+02  5.69726943e+01  2.31874657e-03  7.51675088e-01]
 [ 1.58790442e+02  5.77102110e+01  4.98634340e-03  7.23358310e-01]
 [ 1.58791047e+02  5.84426806e+01 -3.77676904e-03  7.41581007e-01]
 [ 1.58800118e+02  5.91846785e+01  2.19179002e-02  7.42292753e-01]
 [ 1.58832705e+02  5.99252366e+01  4.32502045e-02  7.38701422e-01]
 [ 1.58887378e+02  6.06632803e+01  6.60861929e-02  7.37264525e-01]
 [ 1.58965630e+02  6.14010072e+01  9.04052996e-02  7.38068299e-01]
 [ 1.59065850e+02  6.21373591e+01  1.10018701e-01  7.34514176e-01]
 [ 1.59187646e+02  6.28688327e+01  1.33553995e-01  7.28312507e-01]
 [ 1.59333315e+02  6.35946570e+01  1.57760078e-01  7.23216756e-01]
 [ 1.59503081e+02  6.43152243e+01  1.81743171e-01  7.17799234e-01]
 [ 1.59696777e+02  6.50292294e+01  2.05617545e-01  7.10093539e-01]
 [ 1.59913489e+02  6.57364648e+01  2.27770155e-01  7.04260945e-01]
 [ 1.60152638e+02  6.64355851e+01  2.50488047e-01  6.93864338e-01]
 [ 1.60415720e+02  6.71259768e+01  2.75632998e-01  6.86805683e-01]
 [ 1.60701064e+02  6.78092612e+01  2.95009086e-01  6.79650908e-01]
 [ 1.61006998e+02  6.84853856e+01  3.16808347e-01  6.72486735e-01]
 [ 1.61334790e+02  6.91527051e+01  3.38721358e-01  6.62042570e-01]
 [ 1.61683247e+02  6.98093370e+01  3.58134809e-01  6.51113228e-01]
 [ 1.62051980e+02  7.04548274e+01  3.79270864e-01  6.39761419e-01]
 [ 1.62442082e+02  7.10886836e+01  4.00869729e-01  6.27846643e-01]
 [ 1.62853303e+02  7.17109895e+01  4.21505284e-01  6.16662954e-01]
 [ 1.63283542e+02  7.23208612e+01  4.38902129e-01  6.02980050e-01]
 [ 1.63731692e+02  7.29182258e+01  4.57322460e-01  5.91651153e-01]
 [ 1.64197122e+02  7.35021438e+01  4.73460612e-01  5.76088705e-01]
 [ 1.64680587e+02  7.40707497e+01  4.93390883e-01  5.61029718e-01]
 [ 1.65183659e+02  7.46230011e+01  5.12670265e-01  5.43381930e-01]
 [ 1.65704697e+02  7.51581301e+01  5.29320438e-01  5.26788017e-01]
 [ 1.66241829e+02  7.56759696e+01  5.44855876e-01  5.08805757e-01]
 [ 1.66795675e+02  7.61753054e+01  5.62744369e-01  4.89783498e-01]
 [ 1.67366897e+02  7.66557129e+01  5.79606532e-01  4.70952524e-01]
 [ 1.67956406e+02  7.71178938e+01  5.99314013e-01  4.53333319e-01]
 [ 1.68564098e+02  7.75624471e+01  6.15970993e-01  4.35700142e-01]
 [ 1.69187196e+02  7.79877603e+01  6.30121769e-01  4.14856312e-01]
 [ 1.69823912e+02  7.83912635e+01  6.43206336e-01  3.92083419e-01]
 [ 1.70472767e+02  7.87737262e+01  6.54395421e-01  3.72779228e-01]
 [ 1.71134539e+02  7.91345895e+01  6.69041701e-01  3.48887665e-01]
 [ 1.71808762e+02  7.94747754e+01  6.79291618e-01  3.31428576e-01]
 [ 1.72494178e+02  7.97962680e+01  6.91427945e-01  3.11503873e-01]
 [ 1.73189756e+02  8.00975737e+01  6.99614682e-01  2.91058075e-01]
 [ 1.73892311e+02  8.03776303e+01  7.05378620e-01  2.69008998e-01]
 [ 1.74603499e+02  8.06344508e+01  7.16881712e-01  2.44589610e-01]
 [ 1.75324648e+02  8.08675292e+01  7.25298117e-01  2.21528786e-01]
 [ 1.76051854e+02  8.10764503e+01  7.28994035e-01  1.96278854e-01]
 [ 1.76781561e+02  8.12601264e+01  7.30299035e-01  1.71042957e-01]
 [ 1.77516965e+02  8.14200305e+01  7.40387555e-01  1.48739011e-01]
 [ 1.78260442e+02  8.15553241e+01  7.46445208e-01  1.21825635e-01]
 [ 1.79008950e+02  8.16643191e+01  7.50446486e-01  9.61463158e-02]
 [ 1.79761456e+02  8.17478598e+01  7.54443162e-01  7.09210759e-02]
 [ 1.80519365e+02  8.18082892e+01  7.61249092e-01  4.99280640e-02]
 [ 1.81281724e+02  8.18455404e+01  7.63344666e-01  2.45681069e-02]
 [ 1.82044953e+02  8.18585314e+01  7.62986684e-01  1.41185073e-03]]

Misure della traiettoria:
 [[157.97521943  17.83479399]
 [157.94587365  18.75076511]
 [157.95118834  19.51936254]
 [157.94280264  20.36267223]
 [157.94295724  21.21712276]
 [157.89643233  22.03598839]
 [157.88990054  22.86746765]
 [157.8970968   23.71291846]
 [157.88975699  24.57394204]
 [157.9356458   25.36876443]
 [157.93720454  26.22035083]
 [157.98550271  27.08800597]
 [158.05344856  27.88933292]
 [158.07196756  28.68083409]
 [158.14457846  29.5257617 ]
 [158.12451528  30.37352403]
 [158.15813613  31.17454823]
 [158.17494655  31.99472628]
 [158.23223923  32.84594897]
 [158.21085991  33.65401259]
 [158.26591417  34.4918272 ]
 [158.21407727  35.32551741]
 [158.17624395  36.15135172]
 [158.08533612  36.98873506]
 [158.05725884  37.78731917]
 [158.04787807  38.62173701]
 [158.00592678  39.48321036]
 [157.99295045  40.29426582]
 [157.99901212  41.12196248]
 [157.99961265  41.89591489]
 [158.03526145  42.68648832]
 [158.05310015  43.48391998]
 [158.11890578  44.27411445]
 [158.17520223  45.08560872]
 [158.21293998  45.94049577]
 [158.2744092   46.75086995]
 [158.30361017  47.62538591]
 [158.3381291   48.43645724]
 [158.42769732  49.29581319]
 [158.50656475  50.18139798]
 [158.49594237  50.90829332]
 [158.57280873  51.69916244]
 [158.63897343  52.43974153]
 [158.67006159  53.20067016]
 [158.69340201  53.9104521 ]
 [158.74752638  54.71582796]
 [158.77141853  55.44214375]
 [158.79746568  56.26395943]
 [158.77956671  56.93764565]
 [158.78563539  57.66537341]
 [158.75312526  58.44396941]
 [158.79945188  59.14993657]
 [158.8517215   59.91209353]
 [158.87088667  60.67849441]
 [158.99561737  61.41007474]
 [159.0483249   62.12293276]
 [159.19744596  62.89383962]
 [159.31245275  63.61281253]
 [159.4847933   64.33068122]
 [159.71336266  65.01383851]
 [159.92082902  65.76980089]
 [160.203943    66.45231242]
 [160.42915997  67.10516045]
 [160.70515199  67.82024956]
 [160.9865413   68.48609951]
 [161.33145931  69.15913258]
 [161.66170082  69.79171957]
 [162.03216584  70.45204318]
 [162.42285228  71.08648567]
 [162.82160023  71.68543072]
 [163.28852421  72.32952467]
 [163.72239     72.93472313]
 [164.20190324  73.48289131]
 [164.69362681  74.05254331]
 [165.18865508  74.62461501]
 [165.7082636   75.16183087]
 [166.27123291  75.67208381]
 [166.7886574   76.17513155]
 [167.37804493  76.64282756]
 [167.98452728  77.09574384]
 [168.58449449  77.5139883 ]
 [169.19703828  77.96807464]
 [169.82596819  78.40973334]
 [170.44414766  78.75033318]
 [171.16814908  79.17147039]
 [171.79391984  79.45314639]
 [172.49804559  79.80171515]
 [173.20752762  80.10452203]
 [173.91357809  80.34605139]
 [174.60100277  80.63326298]
 [175.32846158  80.84392274]
 [176.04366775  81.09015719]
 [176.80666724  81.24757964]
 [177.48572168  81.44425015]
 [178.24388768  81.55913386]
 [178.99882018  81.66511014]
 [179.74451326  81.76372822]
 [180.51825183  81.75227012]
 [181.29931381  81.85119412]
 [182.03498617  81.83624894]]

