Accedo alla prima traiettoria, ovvero la prima tupla, per capire: 

Ogni tupla contiene due array numpy:

Stato vero della prima traiettoria:
[[ 1.34086294e+02  1.80813548e+02  0.00000000e+00  2.02904415e-02]
 [ 1.34107014e+02  1.80851954e+02  4.14396087e-02  5.65204965e-02]
 [ 1.34154194e+02  1.80885405e+02  5.29204566e-02  1.03825104e-02]
 ...
 [ 1.31804685e+02  1.69305084e+02 -1.27926776e-01  3.93920787e-02]
 [ 1.31674412e+02  1.69345884e+02 -1.32620231e-01  4.22072061e-02]
 [ 1.31534064e+02  1.69400004e+02 -1.48075881e-01  6.60321802e-02]]

Misure della prima traiettoria:
[[134.07329907 180.79617465]
 [134.12634011 180.8646503 ]
 [134.12038105 180.91314887]
 [134.17350255 180.86783184]
 [134.17806748 180.90159839]
 [134.22163031 181.0350391 ]
 [134.15899653 181.07683735]
 [134.13443138 181.14285689]
 [134.08835224 181.18087917]
 [134.10499013 181.20111963]
 [134.01307383 181.17369841]
 [134.00270581 181.10875691]
 [133.91852074 181.12391414]
 [133.85784386 181.12481734]
 [133.74820583 181.1298385 ]
 [133.60635218 181.14998727]
 [133.54119908 181.14089279]
 [133.42979942 181.1815748 ]
 [133.32984039 181.21936202]
 [133.26659625 181.2685306 ]
 [133.21774963 181.33647299]
 [133.12245647 181.27316565]
 [132.97478424 181.34167157]
 [132.88730923 181.34784088]
 [132.82250651 181.46884416]
 [132.72338385 181.61342189]
 [132.6024763  181.81770993]
 [132.45437184 181.89545774]
 [132.33032348 182.06268122]
 [132.30947066 182.11355698]
 [132.26377326 182.17100881]
 [132.2595431  182.16782569]
 [132.28977907 182.21973519]
 [132.25817969 182.25054147]
 [132.25883664 182.2930205 ]
 [132.20982585 182.34430003]
 [132.20961612 182.35294247]
 [132.17819138 182.38294162]
 [132.14684877 182.38994272]
 [132.12919644 182.47297604]
 [132.03787555 182.59976113]
 [132.0294867  182.71075122]
 [132.02018331 182.84625532]
 [132.03695278 182.88170335]
 [132.13337011 183.00977377]
 [132.19636778 183.11457133]
 [132.19722389 183.14770126]
 [132.2250769  183.24753699]
 [132.26889272 183.27770908]
 [132.2811995  183.32221624]
 [132.3125439  183.37006571]
 [132.34912551 183.51181154]
 [132.41046723 183.63480744]
 [132.45091265 183.73101551]
 [132.48239404 183.82248537]
 [132.51563604 183.92155434]
 [132.59002597 184.01909599]
 [132.6693312  184.15036591]
 [132.7061862  184.23500284]
 [132.81290618 184.3530487 ]
 [132.84082397 184.4112973 ]
 [132.9612579  184.5334892 ]
 [133.01737573 184.63104126]
 [133.10940438 184.6926702 ]
 [133.16291334 184.82759608]
 [133.29000614 184.89114364]
 [133.36204034 184.94725123]
 [133.45384554 185.10872802]
 [133.55157074 185.15172975]
 [133.68758041 185.21741659]
 [133.74924265 185.27159778]
 [133.81495744 185.37011188]
 [133.99902715 185.46158574]
 [134.08705114 185.52387511]
 [134.20405579 185.60009918]
 [134.29296399 185.60943395]
 [134.42323697 185.70340561]
 [134.51309835 185.7400791 ]
 [134.60933019 185.80180745]
 [134.75105538 185.87280678]
 [134.83976846 185.88336927]
 [134.93051339 185.90180229]
 [135.05540708 185.93921756]
 [135.19734078 185.97359018]
 [135.31285894 185.98947859]
 [135.44746549 186.01419301]
 [135.56879387 186.0520932 ]
 [135.69232677 186.06631192]
 [135.83755549 186.05463846]
 [135.94771008 186.08424265]
 [136.10966698 186.05286978]
 [136.21420595 186.10292905]
 [136.36303151 186.07728423]
 [136.49886452 186.0598738 ]
 [136.57361109 186.07527032]
 [136.68686197 185.9939132 ]
 [136.86672332 186.03125638]
 [136.99357828 185.98858978]
 [137.0827757  185.95768579]
 [137.22080147 185.92639067]
 [137.32483226 185.92157404]
 [137.47580386 185.83689709]
 [137.59539497 185.7768843 ]
 [137.70920471 185.74720457]
 [137.79150183 185.72092294]
 [137.95127022 185.68066944]
 [138.08861264 185.5993352 ]
 [138.18873176 185.57412132]
 [138.34158901 185.52053811]
 [138.45953278 185.48326996]
 [138.66845284 185.4364648 ]
 [138.80545784 185.42879924]
 [138.93191276 185.40611231]
 [139.07139567 185.35585373]
 [139.17977915 185.34489538]
 [139.33859335 185.29790453]
 [139.49942465 185.24112305]
 [139.55585831 185.29503225]
 [139.76242841 185.25343188]
 [139.82995891 185.24906623]
 [139.98926268 185.24272279]
 [140.13306427 185.22222751]
 [140.23103758 185.25271153]
 [140.38652546 185.24754844]
 [140.54314961 185.25063977]
 [140.64940107 185.26236394]
 [140.74562223 185.28448066]
 [140.8784404  185.24768562]
 [141.02495682 185.31053364]
 [141.18540998 185.36703333]
 [141.30185102 185.39256079]
 [141.49971971 185.37776981]
 [141.60225734 185.37826711]
 [141.80372904 185.38058072]
 [141.96075779 185.38327294]
 [142.12529601 185.39921084]
 [142.28575365 185.3885893 ]
 [142.44462295 185.43112116]
 [142.6546569  185.43952418]
 [142.83181704 185.45955697]
 [142.9373989  185.49393237]
 [143.14971596 185.51793888]
 [143.29403507 185.53110914]
 [143.50694908 185.52917469]
 [143.66079414 185.53046028]
 [143.86764576 185.52306083]
 [144.06865044 185.52947264]
 [144.17590322 185.50740697]
 [144.40617997 185.53904355]
 [144.55058889 185.48308306]
 [144.68301911 185.53261618]
 [144.8257043  185.52305076]
 [144.89976962 185.44822712]
 [145.01874968 185.46180129]
 [145.06945524 185.40760277]
 [145.10620058 185.38429869]
 [145.15139747 185.29196748]
 [145.18904968 185.24623247]
 [145.14923948 185.17230592]
 [145.1274967  185.11290805]
 [145.04827999 185.02524509]
 [145.01596771 184.92962094]
 [144.92840058 184.85344823]
 [144.80282962 184.76252877]
 [144.70859499 184.72840742]
 [144.62942939 184.60449972]
 [144.52379841 184.53897292]
 [144.36835165 184.44477522]
 [144.20525527 184.34717125]
 [144.10992638 184.1678511 ]
 [144.00225285 184.08926154]
 [143.87695129 183.9285928 ]
 [143.72412271 183.79585039]
 [143.62725299 183.61065429]
 [143.5222373  183.50266065]
 [143.39459176 183.3219904 ]
 [143.25167947 183.09092091]
 [143.16004335 182.91803878]
 [143.03665338 182.75806035]
 [142.95194769 182.52156054]
 [142.83499122 182.34174092]
 [142.8347298  182.15049696]
 [142.71815585 181.94481203]
 [142.64494634 181.73282353]
 [142.6153659  181.5716433 ]
 [142.59121642 181.29929617]
 [142.51255257 181.09657422]
 [142.50170811 180.92966941]
 [142.4212842  180.72942557]
 [142.3767788  180.48280445]
 [142.42001794 180.29825845]
 [142.36609928 180.06927044]
 [142.38231755 179.84193255]
 [142.405      179.66861414]
 [142.39401235 179.49935282]
 [142.36551372 179.30065474]
 [142.38075932 179.07465429]
 [142.44807825 178.91391865]
 [142.38490122 178.71970394]
 [142.3805657  178.51714102]
 [142.38772825 178.29307539]
 [142.38854248 178.13023963]
 [142.35668648 177.92946709]
 [142.33745063 177.73289214]
 [142.38178554 177.59492417]
 [142.39943188 177.45113486]
 [142.36683852 177.26317513]
 [142.37913836 177.13483892]
 [142.34066153 176.97664309]
 [142.35853465 176.88576013]
 [142.3213755  176.76312335]
 [142.30283696 176.58777976]
 [142.28728176 176.51308744]
 [142.25348375 176.40240726]
 [142.26377814 176.24467265]
 [142.20923612 176.14888133]
 [142.1745173  175.96886989]
 [142.14667576 175.82549164]
 [142.14153233 175.73574926]
 [142.1424855  175.58891277]
 [142.03874021 175.52108042]
 [142.07050837 175.37521885]
 [141.9991386  175.26040385]
 [141.92345276 175.11277824]
 [141.8752524  174.99538583]
 [141.75605774 174.84233214]
 [141.71571477 174.72383913]
 [141.68370147 174.61754353]
 [141.54289475 174.49261353]
 [141.46829534 174.38727533]
 [141.43099188 174.22487042]
 [141.32948173 174.14189737]
 [141.23320914 174.04183165]
 [141.16818041 173.9372019 ]
 [141.05865342 173.84225212]
 [140.93238432 173.72549689]
 [140.90624405 173.59613443]
 [140.85967475 173.46676253]
 [140.79422364 173.39954773]
 [140.75420612 173.28936006]
 [140.5840629  173.09839014]
 [140.54709844 172.96149401]
 [140.5045787  172.87622553]
 [140.40221155 172.71593561]
 [140.34700554 172.63424064]
 [140.37186686 172.48127548]
 [140.25432012 172.389759  ]
 [140.22479364 172.23795721]
 [140.12563867 172.07717869]
 [140.08425434 172.00097719]
 [139.99132901 171.83404847]
 [140.00894597 171.72512758]
 [139.95348362 171.63069324]
 [139.90532049 171.51689828]
 [139.85909909 171.34842615]
 [139.84551244 171.34501035]
 [139.78033267 171.21664928]
 [139.759235   171.09616335]
 [139.68745481 171.02219648]
 [139.66968967 170.87907353]
 [139.59952859 170.84095847]
 [139.59694809 170.73071327]
 [139.51716306 170.6082781 ]
 [139.51253685 170.54013076]
 [139.50687115 170.42029542]
 [139.45677001 170.35059674]
 [139.39592102 170.24538075]
 [139.31432815 170.19070781]
 [139.27259957 170.10977651]
 [139.2321911  169.99227295]
 [139.18555295 169.91421231]
 [139.16621088 169.89534249]
 [139.10766597 169.80230467]
 [139.07108306 169.69269896]
 [139.02315398 169.59220206]
 [138.98677247 169.56047496]
 [138.92357159 169.51002753]
 [138.899313   169.42872602]
 [138.81526326 169.36977221]
 [138.74900878 169.33225068]
 [138.72344786 169.24819839]
 [138.6677956  169.20850591]
 [138.55269816 169.1550672 ]
 [138.51504147 169.10555524]
 [138.47373842 169.075482  ]
 [138.35782576 169.01678631]
 [138.33236343 168.97966787]
 [138.25960113 168.94770242]
 [138.14936992 168.85471483]
 [138.09468823 168.89717087]
 [138.02023111 168.80815485]
 [137.93315189 168.81272724]
 [137.83922339 168.74634243]
 [137.77474233 168.67305045]
 [137.62306916 168.6660148 ]
 [137.58734715 168.63113315]
 [137.46094866 168.60230804]
 [137.3775134  168.57720757]
 [137.27997422 168.5361332 ]
 [137.19211772 168.56399155]
 [137.10075531 168.52828913]
 [137.02587114 168.48752025]
 [136.9183434  168.46147373]
 [136.82776834 168.43169229]
 [136.79346597 168.43930812]
 [136.67648528 168.36703297]
 [136.60633475 168.35977034]
 [136.51969208 168.34983041]
 [136.39541287 168.30281215]
 [136.24730566 168.20851684]
 [136.21115045 168.15500924]
 [136.07633323 168.12999864]
 [136.00515223 168.06287094]
 [135.86389856 168.05894268]
 [135.72417742 167.99829759]
 [135.60987036 167.94736085]
 [135.44860166 167.92433853]
 [135.39172206 167.90421006]
 [135.23876537 167.88944853]
 [135.06860356 167.82366115]
 [134.93828787 167.77975799]
 [134.81741361 167.75132857]
 [134.69653196 167.7452568 ]
 [134.60286015 167.75088543]
 [134.4879229  167.79064332]
 [134.36279286 167.76996082]
 [134.22517504 167.8396691 ]
 [134.13670257 167.85345684]
 [133.99713045 167.88576793]
 [133.93410862 167.98123579]
 [133.81006452 168.03799072]
 [133.71368017 168.14816233]
 [133.61636653 168.19015638]
 [133.50163165 168.30943237]
 [133.40413991 168.39357713]
 [133.32524568 168.47922631]
 [133.18870947 168.62911443]
 [133.0900476  168.72620004]
 [132.98958155 168.77601333]
 [132.89961898 168.93719175]
 [132.8139974  168.98694739]
 [132.72395449 169.02965834]
 [132.5448118  169.02629092]
 [132.41617346 169.12798661]
 [132.28701545 169.17526536]
 [132.19613164 169.21089648]
 [132.07485667 169.22276203]
 [131.94403176 169.25101422]
 [131.82428759 169.31904184]
 [131.6952223  169.36818796]
 [131.5620521  169.38895255]]