Dataset caricato correttamente
Traiettorie selezionate, troncate ai primi 200 secondi: 

Traiettoria 1: 46-esima
Traiettoria 2: 12-esima
Traiettoria 3: 44-esima
Traiettoria 4: 17-esima
Traiettoria 5: 11-esima
Traiettoria 6: 6-esima
Traiettoria 7: 22-esima
Traiettoria 8: 43-esima
Traiettoria 9: 36-esima
Traiettoria 10: 47-esima
Numero di traiettorie selezionate: 10

Traiettoria 1: 


Misure della traiettoria:
 [[ 91.05565333 156.23864143]
 [ 91.08978044 157.16337367]
 [ 91.11946629 158.10961403]
 [ 91.14461021 159.00939617]
 [ 91.1782111  160.00046209]
 [ 91.15789132 160.92927852]
 [ 91.18699934 161.88101972]
 [ 91.15115882 162.83297176]
 [ 91.08607459 163.77168681]
 [ 91.12481772 164.77985493]
 [ 91.03276651 165.69667342]
 [ 91.04593428 166.64843187]
 [ 91.03595042 167.61168064]
 [ 91.01589773 168.54430974]
 [ 91.03931546 169.46041147]
 [ 91.05951807 170.39104001]
 [ 91.12214407 171.30276263]
 [ 91.22891714 172.30877993]
 [ 91.33783011 173.28658843]
 [ 91.41736389 174.24581298]
 [ 91.52248991 175.24263275]
 [ 91.58927166 176.22985122]
 [ 91.64473871 177.20999096]
 [ 91.7097814  178.24233688]
 [ 91.73072542 179.24534603]
 [ 91.84853234 180.2876587 ]
 [ 91.94074427 181.33021155]
 [ 91.99103905 182.30340112]
 [ 92.06802461 183.33738807]
 [ 92.14080516 184.37477476]
 [ 92.24754087 185.34933594]
 [ 92.38208282 186.36351949]
 [ 92.48172595 187.36804065]
 [ 92.59666157 188.33940884]
 [ 92.71113708 189.27766775]
 [ 92.82742823 190.32247419]
 [ 93.0089643  191.27266259]
 [ 93.15962285 192.27039108]
 [ 93.38301681 193.24438439]
 [ 93.54180757 194.24808748]
 [ 93.74612021 195.2514748 ]
 [ 93.90019973 196.24700015]
 [ 94.08855901 197.25703966]
 [ 94.23892999 198.26956098]
 [ 94.39398002 199.29231765]
 [ 94.52202441 200.26247311]
 [ 94.72366905 201.26115891]
 [ 94.86928257 202.16139258]
 [ 95.01563376 203.11925303]
 [ 95.15431749 204.07624436]
 [ 95.38596625 205.06628465]
 [ 95.53324888 206.07811366]
 [ 95.77141294 207.06265706]
 [ 96.01505792 208.06360267]
 [ 96.29965937 209.02750534]
 [ 96.61894242 209.99468149]
 [ 97.00623297 210.96036676]
 [ 97.38403696 211.87841984]
 [ 97.83163726 212.79100726]
 [ 98.20205926 213.71419749]
 [ 98.67674278 214.61718732]
 [ 99.1843275  215.45843848]
 [ 99.759182   216.3155936 ]
 [100.29754119 217.21527256]
 [100.88669088 218.04349074]
 [101.46640949 218.86754237]
 [102.13711622 219.66581893]
 [102.74123084 220.43912377]
 [103.42215695 221.19941742]
 [104.14265185 221.93060371]
 [104.87845324 222.66494797]
 [105.61963335 223.3643825 ]
 [106.43391758 224.01850255]
 [107.28777913 224.64495795]
 [108.05666644 225.27842509]
 [108.89643817 225.88464868]
 [109.77649004 226.44408316]
 [110.66131332 226.9911125 ]
 [111.60037363 227.49371374]
 [112.48663235 227.97282001]
 [113.38647007 228.44297617]
 [114.35408271 228.83777143]
 [115.30256406 229.25287222]
 [116.26660532 229.60630637]
 [117.28375196 229.95033116]
 [118.26611126 230.24505546]
 [119.2239993  230.51690006]
 [120.26034934 230.77532444]
 [121.22353234 231.00557795]
 [122.26833796 231.16611848]
 [123.26188453 231.28254658]
 [124.2838447  231.43560595]
 [125.27456653 231.51841786]
 [126.34767779 231.53963467]
 [127.34777315 231.62396235]
 [128.37343602 231.54100153]
 [129.3578652  231.56009878]
 [130.37684589 231.42928133]
 [131.36864775 231.3237789 ]
 [132.40489225 231.19768586]
 [133.38285137 231.02436159]
 [134.39763472 230.82085718]
 [135.43099305 230.66270528]
 [136.43592847 230.42658933]
 [137.50635612 230.21042187]
 [138.54940369 230.00076138]
 [139.6120318  229.78691936]
 [140.65800597 229.54547146]
 [141.72576664 229.32400664]
 [142.73797432 229.0962883 ]
 [143.76058116 228.84798299]
 [144.76180747 228.58086647]
 [145.69612745 228.30750953]
 [146.75208744 228.08577927]
 [147.73486108 227.95849679]
 [148.80695348 227.73385828]
 [149.82248992 227.5569615 ]
 [150.89953425 227.32010122]
 [151.92325396 227.08780576]
 [152.94254148 226.87607104]
 [153.93983692 226.65081215]
 [154.91562472 226.47245081]
 [155.9097414  226.29677898]
 [156.89524915 226.19253944]
 [157.88683137 226.07111101]
 [158.89232943 225.93616121]
 [159.90921296 225.80794446]
 [160.84631077 225.62076087]
 [161.84635927 225.36356347]
 [162.76447806 225.17966228]
 [163.72370129 225.00989663]
 [164.7495395  224.81999583]
 [165.66242767 224.61270484]
 [166.53727867 224.41950546]
 [167.38714777 224.26124042]
 [168.27412669 224.05183145]
 [169.22939707 223.83002201]
 [170.13938065 223.63548792]
 [171.11991477 223.50350719]
 [172.16560954 223.36780616]
 [173.18503063 223.28413639]
 [174.27821836 223.12321962]
 [175.3478193  223.02917133]
 [176.44347856 222.87699889]
 [177.5424325  222.78078408]
 [178.65934673 222.61219189]
 [179.74364256 222.42340879]
 [180.85052338 222.18766254]
 [181.99224705 222.02514322]
 [183.076893   221.79341716]
 [184.15779037 221.63094717]
 [185.26347984 221.46790611]
 [186.35837923 221.37018572]
 [187.43514117 221.22372189]
 [188.5620464  221.11454688]
 [189.69265851 221.06112066]
 [190.81144404 220.97522822]
 [191.93836027 220.92192423]
 [193.13709054 220.88046632]
 [194.22538743 220.93278247]
 [195.36822605 220.89105875]
 [196.50046745 220.94789347]
 [197.62791075 220.99006542]
 [198.78430798 221.11088176]
 [199.91413327 221.1755478 ]
 [200.99594846 221.32814739]
 [202.18038016 221.44656623]
 [203.35362132 221.59307252]
 [204.50121504 221.79193316]
 [205.65602395 221.99444436]
 [206.86388122 222.15300671]
 [208.00343858 222.36880354]
 [209.17157945 222.61109004]
 [210.34802222 222.8560242 ]
 [211.58359256 223.08299033]
 [212.82750164 223.39519102]
 [214.02208364 223.63847366]
 [215.19027709 223.97675516]
 [216.41361362 224.29856152]
 [217.67511849 224.67981342]
 [218.8798317  224.92427059]
 [220.15398006 225.35275746]
 [221.42081397 225.71765814]
 [222.65601379 226.09248353]
 [223.93763104 226.49194788]
 [225.15915445 226.9065815 ]
 [226.45139779 227.33541626]
 [227.70621984 227.69431776]
 [228.95193141 228.12580175]
 [230.21014079 228.56276003]
 [231.50204406 228.98500682]
 [232.79776104 229.39091489]
 [233.98887109 229.83118241]
 [235.26533899 230.25706489]
 [236.55243952 230.72744235]
 [237.78679421 231.13461008]
 [239.0800767  231.60991586]
 [240.38568504 232.01916939]
 [241.6624658  232.51290889]
 [242.93856015 233.01423411]]


Traiettoria 2: 


Misure della traiettoria:
 [[ 2.96046784e+01  6.09804646e+01]
 [ 2.95908695e+01  6.12095628e+01]
 [ 2.95948675e+01  6.14110707e+01]
 [ 2.95959152e+01  6.16277905e+01]
 [ 2.95752788e+01  6.18601474e+01]
 [ 2.95047598e+01  6.21653705e+01]
 [ 2.95610529e+01  6.25607407e+01]
 [ 2.96435466e+01  6.29726941e+01]
 [ 2.96893015e+01  6.33606696e+01]
 [ 2.97406025e+01  6.36801216e+01]
 [ 2.97251938e+01  6.40120027e+01]
 [ 2.97683319e+01  6.42679860e+01]
 [ 2.97673556e+01  6.45758665e+01]
 [ 2.96852089e+01  6.48491366e+01]
 [ 2.96120756e+01  6.50924252e+01]
 [ 2.94677972e+01  6.53995584e+01]
 [ 2.93130736e+01  6.56839297e+01]
 [ 2.90885811e+01  6.59777907e+01]
 [ 2.89235562e+01  6.63219965e+01]
 [ 2.87099235e+01  6.66878978e+01]
 [ 2.84897787e+01  6.69654144e+01]
 [ 2.82869627e+01  6.72393202e+01]
 [ 2.80633608e+01  6.74876903e+01]
 [ 2.76993133e+01  6.76660725e+01]
 [ 2.73182553e+01  6.79161309e+01]
 [ 2.68321984e+01  6.80806732e+01]
 [ 2.63111696e+01  6.81569097e+01]
 [ 2.57574954e+01  6.82914164e+01]
 [ 2.51508691e+01  6.83918930e+01]
 [ 2.44666969e+01  6.85333990e+01]
 [ 2.37901295e+01  6.86657034e+01]
 [ 2.31116484e+01  6.88282729e+01]
 [ 2.23706450e+01  6.89758761e+01]
 [ 2.16522029e+01  6.90536991e+01]
 [ 2.09484428e+01  6.91324777e+01]
 [ 2.02024330e+01  6.92414707e+01]
 [ 1.94681714e+01  6.93262951e+01]
 [ 1.87706862e+01  6.94112487e+01]
 [ 1.80319131e+01  6.95423604e+01]
 [ 1.73535335e+01  6.96128278e+01]
 [ 1.66735156e+01  6.97748999e+01]
 [ 1.60084680e+01  6.99497575e+01]
 [ 1.53150102e+01  7.01398809e+01]
 [ 1.45678886e+01  7.03744012e+01]
 [ 1.39365521e+01  7.06023258e+01]
 [ 1.32451126e+01  7.08706319e+01]
 [ 1.25471376e+01  7.10226402e+01]
 [ 1.18556480e+01  7.11575469e+01]
 [ 1.11536739e+01  7.13886061e+01]
 [ 1.04441487e+01  7.16256917e+01]
 [ 9.73680639e+00  7.19225522e+01]
 [ 8.98125118e+00  7.22046285e+01]
 [ 8.23574609e+00  7.25110584e+01]
 [ 7.49209925e+00  7.28391743e+01]
 [ 6.81905190e+00  7.32026485e+01]
 [ 6.10671109e+00  7.35540871e+01]
 [ 5.41321982e+00  7.39499745e+01]
 [ 4.70345582e+00  7.43651709e+01]
 [ 4.05779008e+00  7.48148175e+01]
 [ 3.39987447e+00  7.52300235e+01]
 [ 2.76308169e+00  7.57513242e+01]
 [ 2.12801610e+00  7.62277933e+01]
 [ 1.52159265e+00  7.67049276e+01]
 [ 9.01063627e-01  7.72577709e+01]
 [ 3.45033357e-01  7.78000402e+01]
 [-2.65430906e-01  7.83508804e+01]
 [-7.65729461e-01  7.89509818e+01]
 [-1.26527565e+00  7.95734156e+01]
 [-1.77990780e+00  8.02054179e+01]
 [-2.23834034e+00  8.08263730e+01]
 [-2.70752465e+00  8.14976887e+01]
 [-3.17029345e+00  8.21623525e+01]
 [-3.57430285e+00  8.28522224e+01]
 [-3.94354815e+00  8.35221952e+01]
 [-4.30801814e+00  8.42327905e+01]
 [-4.66315338e+00  8.49730316e+01]
 [-4.97442999e+00  8.56679356e+01]
 [-5.27944066e+00  8.63970064e+01]
 [-5.57001296e+00  8.71309862e+01]
 [-5.84291951e+00  8.78894499e+01]
 [-6.12366774e+00  8.86567021e+01]
 [-6.33327323e+00  8.94314774e+01]
 [-6.51714348e+00  9.01461182e+01]
 [-6.72524335e+00  9.09301137e+01]
 [-6.85084650e+00  9.16966293e+01]
 [-6.97403076e+00  9.24910057e+01]
 [-7.07505451e+00  9.33027293e+01]
 [-7.18629306e+00  9.40878724e+01]
 [-7.20802974e+00  9.49104090e+01]
 [-7.25663136e+00  9.56528100e+01]
 [-7.21248716e+00  9.64533436e+01]
 [-7.24028366e+00  9.72335988e+01]
 [-7.23143471e+00  9.80353072e+01]
 [-7.09435878e+00  9.88200470e+01]
 [-7.03081947e+00  9.96077847e+01]
 [-6.92291428e+00  1.00406267e+02]
 [-6.78484504e+00  1.01153631e+02]
 [-6.56261503e+00  1.01970146e+02]
 [-6.33519113e+00  1.02689633e+02]
 [-6.15191438e+00  1.03461954e+02]
 [-5.88199755e+00  1.04228958e+02]
 [-5.61776559e+00  1.04955845e+02]
 [-5.34628879e+00  1.05681239e+02]
 [-5.08650953e+00  1.06456796e+02]
 [-4.80624719e+00  1.07273463e+02]
 [-4.47350161e+00  1.08068874e+02]
 [-4.28927834e+00  1.08920518e+02]
 [-4.07588285e+00  1.09757669e+02]
 [-3.85934860e+00  1.10544814e+02]
 [-3.64297347e+00  1.11377651e+02]
 [-3.38900047e+00  1.12256160e+02]
 [-3.15882917e+00  1.13139660e+02]
 [-2.85142249e+00  1.14032152e+02]
 [-2.55995319e+00  1.14957976e+02]
 [-2.21680488e+00  1.15899205e+02]
 [-1.88642556e+00  1.16878041e+02]
 [-1.58639795e+00  1.17807319e+02]
 [-1.24238134e+00  1.18698361e+02]
 [-9.74935891e-01  1.19589418e+02]
 [-7.27010681e-01  1.20478929e+02]
 [-4.57086781e-01  1.21316915e+02]
 [-1.57786847e-01  1.22209598e+02]
 [ 1.33424920e-01  1.23046934e+02]
 [ 4.95809939e-01  1.23835982e+02]
 [ 7.84018392e-01  1.24683261e+02]
 [ 1.10808448e+00  1.25563056e+02]
 [ 1.42950616e+00  1.26457705e+02]
 [ 1.70394864e+00  1.27337549e+02]
 [ 1.97023384e+00  1.28271050e+02]
 [ 2.24056501e+00  1.29161105e+02]
 [ 2.51864859e+00  1.30126218e+02]
 [ 2.77794202e+00  1.31036448e+02]
 [ 3.00420784e+00  1.32023083e+02]
 [ 3.21099585e+00  1.32960630e+02]
 [ 3.35328009e+00  1.33988906e+02]
 [ 3.55658521e+00  1.34923781e+02]
 [ 3.72237666e+00  1.35894336e+02]
 [ 3.84217558e+00  1.36876281e+02]
 [ 3.98390649e+00  1.37856082e+02]
 [ 4.11267985e+00  1.38852124e+02]
 [ 4.21266840e+00  1.39893948e+02]
 [ 4.36376331e+00  1.40912403e+02]
 [ 4.54753948e+00  1.41911574e+02]
 [ 4.74885005e+00  1.42996223e+02]
 [ 4.96312004e+00  1.44030396e+02]
 [ 5.18369311e+00  1.45067590e+02]
 [ 5.42855597e+00  1.46126672e+02]
 [ 5.63580474e+00  1.47114035e+02]
 [ 5.83514767e+00  1.48153307e+02]
 [ 6.07296417e+00  1.49163582e+02]
 [ 6.26472672e+00  1.50195517e+02]
 [ 6.51566570e+00  1.51198365e+02]
 [ 6.72053987e+00  1.52304952e+02]
 [ 6.95729460e+00  1.53350486e+02]
 [ 7.07866195e+00  1.54418663e+02]
 [ 7.25817565e+00  1.55534142e+02]
 [ 7.43740341e+00  1.56654451e+02]
 [ 7.57170234e+00  1.57840183e+02]
 [ 7.63561235e+00  1.59014032e+02]
 [ 7.77099477e+00  1.60213363e+02]
 [ 7.84977007e+00  1.61416720e+02]
 [ 7.94876311e+00  1.62665291e+02]
 [ 8.09892186e+00  1.63870208e+02]
 [ 8.15371771e+00  1.65182803e+02]
 [ 8.19653211e+00  1.66434796e+02]
 [ 8.25732609e+00  1.67759771e+02]
 [ 8.29971640e+00  1.69019726e+02]
 [ 8.37042006e+00  1.70339266e+02]
 [ 8.39305188e+00  1.71695313e+02]
 [ 8.44365091e+00  1.73123351e+02]
 [ 8.54702062e+00  1.74437507e+02]
 [ 8.57537676e+00  1.75857295e+02]
 [ 8.61534288e+00  1.77293567e+02]
 [ 8.65846706e+00  1.78764571e+02]
 [ 8.69041397e+00  1.80182776e+02]
 [ 8.76830156e+00  1.81665065e+02]
 [ 8.87967328e+00  1.83153286e+02]
 [ 8.90194253e+00  1.84673145e+02]
 [ 8.94147438e+00  1.86149324e+02]
 [ 9.04037780e+00  1.87656369e+02]
 [ 9.07040765e+00  1.89152043e+02]
 [ 9.19437264e+00  1.90721892e+02]
 [ 9.22765296e+00  1.92186609e+02]
 [ 9.34990226e+00  1.93755149e+02]
 [ 9.40805393e+00  1.95289166e+02]
 [ 9.53320937e+00  1.96808219e+02]
 [ 9.66152659e+00  1.98366598e+02]
 [ 9.79119761e+00  1.99907538e+02]
 [ 9.92519001e+00  2.01411775e+02]
 [ 1.00010262e+01  2.02988361e+02]
 [ 1.01825830e+01  2.04500920e+02]
 [ 1.03288639e+01  2.06024043e+02]
 [ 1.04238443e+01  2.07567506e+02]
 [ 1.05879231e+01  2.09086349e+02]
 [ 1.07515966e+01  2.10537645e+02]
 [ 1.08916841e+01  2.12060657e+02]
 [ 1.11472341e+01  2.13532202e+02]
 [ 1.13106787e+01  2.14956922e+02]
 [ 1.14796489e+01  2.16432994e+02]
 [ 1.16943067e+01  2.17847577e+02]]


Traiettoria 3: 


Misure della traiettoria:
 [[ 54.61097179 123.31694217]
 [ 54.61816031 123.94398987]
 [ 54.54961515 124.57509626]
 [ 54.4903357  125.20493293]
 [ 54.58198175 125.76995797]
 [ 54.5582139  126.26752558]
 [ 54.5552894  126.75034103]
 [ 54.49732416 127.24543672]
 [ 54.43302619 127.71555684]
 [ 54.47448588 128.08402767]
 [ 54.49397539 128.49377263]
 [ 54.49106791 128.96187612]
 [ 54.61087212 129.29762314]
 [ 54.61981058 129.72826301]
 [ 54.74657694 130.11863123]
 [ 54.75219816 130.47546757]
 [ 54.83016832 130.88979468]
 [ 54.9201727  131.22562245]
 [ 54.97378676 131.6076666 ]
 [ 55.11112738 131.98092526]
 [ 55.3183304  132.34296562]
 [ 55.40494395 132.73471422]
 [ 55.58370706 133.04984759]
 [ 55.77210315 133.35053368]
 [ 55.89928649 133.66824792]
 [ 55.98824353 133.98618673]
 [ 56.14095726 134.2970531 ]
 [ 56.31806915 134.61897027]
 [ 56.46285914 134.95025909]
 [ 56.53901613 135.24534009]
 [ 56.6749165  135.5970917 ]
 [ 56.72600454 135.88681535]
 [ 56.80970551 136.25765889]
 [ 56.94379205 136.56580502]
 [ 57.10457113 136.89158397]
 [ 57.33224882 137.1984828 ]
 [ 57.54528511 137.49623575]
 [ 57.80019039 137.81905344]
 [ 58.12360251 138.10428949]
 [ 58.54181762 138.40254127]
 [ 58.94941774 138.71001747]
 [ 59.37056837 139.01874863]
 [ 59.7676451  139.39265529]
 [ 60.16037787 139.79321501]
 [ 60.54658281 140.22999652]
 [ 60.93733963 140.59900488]
 [ 61.33156967 141.05167628]
 [ 61.75702116 141.4218202 ]
 [ 62.17764969 141.86261556]
 [ 62.5621527  142.30841466]
 [ 62.94689819 142.66843817]
 [ 63.39519181 143.10381946]
 [ 63.75888673 143.46875767]
 [ 64.20312423 143.86478901]
 [ 64.61429104 144.21233157]
 [ 65.04086383 144.56411775]
 [ 65.45226169 144.91605979]
 [ 65.90866079 145.23125005]
 [ 66.40655943 145.53221067]
 [ 66.87229155 145.78888691]
 [ 67.31170282 146.07620729]
 [ 67.83227635 146.35134936]
 [ 68.3439331  146.60254361]
 [ 68.87848488 146.8371138 ]
 [ 69.34846622 147.05603566]
 [ 69.93442618 147.24069137]
 [ 70.44458489 147.43206271]
 [ 70.99308009 147.58506898]
 [ 71.48927063 147.78106311]
 [ 72.07785172 147.87032354]
 [ 72.64605752 147.99697704]
 [ 73.16556988 148.14781082]
 [ 73.73924872 148.1873001 ]
 [ 74.33042725 148.21198464]
 [ 74.88561135 148.26298069]
 [ 75.40595739 148.28138635]
 [ 75.98391325 148.23812083]
 [ 76.52030741 148.21750993]
 [ 77.15453525 148.19957539]
 [ 77.64863967 148.16521832]
 [ 78.22218987 148.07877055]
 [ 78.78585018 147.96797589]
 [ 79.31034439 147.92443266]
 [ 79.88862354 147.75883758]
 [ 80.42134135 147.56012505]
 [ 80.97802154 147.40877726]
 [ 81.49885271 147.28784689]
 [ 82.03393646 147.01409515]
 [ 82.5757436  146.8004623 ]
 [ 83.075641   146.5820829 ]
 [ 83.59776007 146.28647827]
 [ 84.11241888 146.05262317]
 [ 84.57280265 145.7296518 ]
 [ 85.02816443 145.41096659]
 [ 85.51295936 145.11625369]
 [ 85.99398303 144.81490586]
 [ 86.48159243 144.44905592]
 [ 86.85144412 144.04731437]
 [ 87.30159134 143.69398836]
 [ 87.7251359  143.27868461]
 [ 88.12246588 142.94124948]
 [ 88.49312408 142.4769887 ]
 [ 88.88798626 142.09637016]
 [ 89.24876891 141.64590398]
 [ 89.60975166 141.26895255]
 [ 89.92166863 140.89775705]
 [ 90.27216185 140.50164259]
 [ 90.56852186 140.12748649]
 [ 90.88170452 139.77544053]
 [ 91.20090245 139.41622692]
 [ 91.46725649 139.08018726]
 [ 91.76488362 138.77072122]
 [ 92.06943353 138.35375486]
 [ 92.45130611 137.99726269]
 [ 92.74238092 137.64818978]
 [ 93.10087721 137.3256394 ]
 [ 93.41577553 136.91750735]
 [ 93.73207996 136.54822474]
 [ 94.05070726 136.14034485]
 [ 94.35876597 135.70731562]
 [ 94.73246911 135.28986895]
 [ 94.98331728 134.89541419]
 [ 95.32221063 134.4290948 ]
 [ 95.68254128 133.9920121 ]
 [ 95.99674736 133.54439206]
 [ 96.45384685 133.06862154]
 [ 96.80964372 132.6490801 ]
 [ 97.24760861 132.22414355]
 [ 97.66962712 131.74756252]
 [ 98.04936899 131.27470696]
 [ 98.52135167 130.81048087]
 [ 98.97787011 130.33109989]
 [ 99.41020282 129.89132858]
 [ 99.78519799 129.35712216]
 [100.16784194 128.91264592]
 [100.6145195  128.46832554]
 [100.97512307 128.04041906]
 [101.45890536 127.6007219 ]
 [101.84630813 127.17070422]
 [102.31151657 126.77963087]
 [102.67848181 126.38736119]
 [103.08824426 125.98641586]
 [103.51066625 125.59523695]
 [103.9424379  125.13969883]
 [104.39795496 124.77661784]
 [104.82686516 124.28649877]
 [105.30000669 123.89841668]
 [105.7351155  123.4677864 ]
 [106.12877159 123.00205247]
 [106.56326586 122.53297115]
 [107.05341275 122.10493202]
 [107.45966393 121.67670834]
 [107.86055214 121.31674814]
 [108.19879814 120.97406888]
 [108.5642235  120.64356674]
 [108.9083182  120.33400834]
 [109.20617653 120.10600549]
 [109.47451358 119.89478284]
 [109.78487071 119.68477332]
 [110.07009715 119.43092476]
 [110.3054672  119.29159465]
 [110.55980185 119.13903112]
 [110.76221751 119.0322771 ]
 [110.93534794 118.88481431]
 [111.1392521  118.78785631]
 [111.31772401 118.68385992]
 [111.51630087 118.5920775 ]
 [111.62661557 118.49847514]
 [111.78860377 118.43439723]
 [111.88552797 118.34157127]
 [111.99785736 118.2885101 ]
 [112.0968374  118.26925343]
 [112.2573794  118.24307707]
 [112.32886949 118.23554018]
 [112.48032607 118.19994584]
 [112.53395459 118.15981266]
 [112.60181815 118.19307301]
 [112.66550283 118.16550058]
 [112.75733369 118.16639244]
 [112.83894549 118.16271181]
 [112.88111918 118.22682001]
 [112.98807805 118.28038942]
 [113.08516266 118.30458   ]
 [113.10675783 118.34341256]
 [113.21264572 118.40690324]
 [113.2818958  118.45608819]
 [113.37971748 118.49660831]
 [113.47303161 118.51209552]
 [113.58525859 118.60368649]
 [113.71294551 118.6843919 ]
 [113.8772481  118.76229831]
 [113.9285339  118.82571919]
 [114.05576491 118.87159157]
 [114.18865989 118.94891081]
 [114.32727189 119.03015621]
 [114.43703784 119.06554317]
 [114.61140366 119.0813318 ]
 [114.79558779 119.10070511]
 [114.98570861 119.11821901]
 [115.12803675 119.14942386]]


Traiettoria 4: 


Misure della traiettoria:
 [[184.29837649  32.67150565]
 [184.33574014  33.10061014]
 [184.22568123  33.59545707]
 [184.20918274  33.98528738]
 [184.16301484  34.491758  ]
 [184.07485685  34.99835085]
 [183.92447352  35.53581282]
 [183.76032339  36.12286975]
 [183.67166013  36.73117212]
 [183.49504666  37.31519906]
 [183.37921902  37.89229071]
 [183.1873924   38.41918886]
 [182.98909061  38.94651628]
 [182.84146227  39.46930589]
 [182.76157737  40.03429826]
 [182.64852775  40.52815268]
 [182.58938097  41.05460505]
 [182.37793788  41.59792422]
 [182.24723149  42.13782682]
 [182.17310358  42.64695464]
 [182.0585757   43.09385786]
 [181.91606053  43.57369431]
 [181.77965632  44.02968007]
 [181.49035123  44.52374023]
 [181.30717759  44.96195916]
 [181.13630245  45.43061953]
 [180.91529435  45.76945779]
 [180.67752203  46.14522327]
 [180.52647109  46.51945902]
 [180.31704688  46.91690241]
 [180.13103891  47.27191614]
 [180.02249024  47.60120978]
 [179.88711123  47.91462501]
 [179.80425497  48.23729734]
 [179.61921219  48.61174017]
 [179.5249972   48.92156852]
 [179.37619033  49.31469283]
 [179.28118333  49.69297043]
 [179.18153093  50.10855352]
 [179.06839804  50.48656544]
 [178.89978306  50.8768935 ]
 [178.86197798  51.25736945]
 [178.71124232  51.60284008]
 [178.52217675  52.14305054]
 [178.37086889  52.62930302]
 [178.30064623  53.1390584 ]
 [178.14457015  53.64352158]
 [178.07826147  54.1249903 ]
 [177.87694981  54.61864429]
 [177.6606802   55.07680373]
 [177.44935905  55.5588509 ]
 [177.28438374  56.02043805]
 [177.08064375  56.49585623]
 [176.88222237  57.00538331]
 [176.78389553  57.51903695]
 [176.66243606  58.00628779]
 [176.55834259  58.52581718]
 [176.50016222  58.94837664]
 [176.41001217  59.52503311]
 [176.33929415  60.03627444]
 [176.26425489  60.56099226]
 [176.29653993  61.09960225]
 [176.22122065  61.59366308]
 [176.22644786  62.10800153]
 [176.2496418   62.634591  ]
 [176.30800078  63.09551794]
 [176.33472091  63.67179653]
 [176.44830858  64.18709025]
 [176.52187495  64.67105053]
 [176.60878612  65.20859515]
 [176.74617918  65.72025913]
 [176.89404199  66.20859767]
 [177.03620068  66.73127482]
 [177.21227512  67.21171511]
 [177.34539089  67.70562048]
 [177.60052612  68.17894434]
 [177.78360425  68.62764732]
 [177.98924064  69.12663983]
 [178.25685483  69.59296518]
 [178.54409679  70.05895181]
 [178.79903664  70.4903445 ]
 [179.07934702  70.93345757]
 [179.39871747  71.35155933]
 [179.70398111  71.79768811]
 [180.05881487  72.17474772]
 [180.38252839  72.56078047]
 [180.74010736  72.96806728]
 [181.09375886  73.36379019]
 [181.47174401  73.6790304 ]
 [181.89023949  74.04762356]
 [182.28663492  74.38191123]
 [182.68589949  74.67865468]
 [183.10058451  74.99987809]
 [183.54419341  75.32183401]
 [183.97169646  75.56734117]
 [184.47194038  75.86598818]
 [184.91362288  76.08365575]
 [185.42661827  76.32248558]
 [185.83674316  76.53122723]
 [186.35348379  76.72944274]
 [186.82276221  76.94525273]
 [187.34580595  77.10805531]
 [187.7880082   77.32956246]
 [188.28286767  77.51573187]
 [188.71924302  77.68328471]
 [189.2431749   77.84677212]
 [189.71660955  78.0703244 ]
 [190.22776057  78.18420636]
 [190.67091823  78.31333423]
 [191.1642498   78.47003973]
 [191.65558908  78.63842206]
 [192.15555289  78.78449596]
 [192.60495372  78.958045  ]
 [193.09169698  79.15587005]
 [193.52945596  79.30881153]
 [193.95102373  79.43615441]
 [194.37983293  79.66699289]
 [194.83244589  79.80806022]
 [195.24700311  79.9493192 ]
 [195.67801213  80.14940025]
 [196.1412431   80.37793319]
 [196.53279162  80.54455409]
 [196.94108873  80.71961558]
 [197.37168537  80.94681197]
 [197.82466543  81.14734581]
 [198.26606911  81.36505705]
 [198.60956608  81.58104783]
 [199.00911362  81.78668546]
 [199.44344357  82.01179861]
 [199.85167729  82.22122072]
 [200.2884365   82.38311568]
 [200.72644389  82.58853084]
 [201.17595349  82.8062658 ]
 [201.57255921  82.91635357]
 [201.98997233  83.16996367]
 [202.44084904  83.32769613]
 [202.91848888  83.50472709]
 [203.30497949  83.73194461]
 [203.76947321  83.88536125]
 [204.14457244  84.00991157]
 [204.59146188  84.20642536]
 [205.03424924  84.3794821 ]
 [205.40836939  84.53485775]
 [205.85925153  84.65688996]
 [206.26323022  84.868319  ]
 [206.71474754  85.05097738]
 [207.1007913   85.23441194]
 [207.51083437  85.35976942]
 [207.91173361  85.52799421]
 [208.35118434  85.61308036]
 [208.75903191  85.77985417]
 [209.11453668  85.92044176]
 [209.50361111  86.08682137]
 [209.86708744  86.22658787]
 [210.24574824  86.36359459]
 [210.60814284  86.55229526]
 [210.95331259  86.77231691]
 [211.27627068  86.92576782]
 [211.6057262   87.16051953]
 [211.93393153  87.36504752]
 [212.25060528  87.62677481]
 [212.51413303  87.83688831]
 [212.84870975  88.11517613]
 [213.12197853  88.39422015]
 [213.40608681  88.72427176]
 [213.66004767  89.06990108]
 [213.94239756  89.3736252 ]
 [214.20766273  89.75437833]
 [214.46868062  90.13091213]
 [214.70161302  90.55034984]
 [214.93401561  90.91493372]
 [215.18562244  91.359716  ]
 [215.41375142  91.79970169]
 [215.64695183  92.24677354]
 [215.92804421  92.72462959]
 [216.08410954  93.17268707]
 [216.28542032  93.69375128]
 [216.55438163  94.18143959]
 [216.74164445  94.70693849]
 [216.96525757  95.2230157 ]
 [217.1740254   95.72670248]
 [217.3846693   96.25151548]
 [217.60705279  96.79218619]
 [217.79950629  97.28948022]
 [218.04122262  97.87045213]
 [218.17170279  98.41134807]
 [218.42534718  98.95161299]
 [218.61629311  99.53031752]
 [218.81490459 100.08815071]
 [218.97961308 100.7123808 ]
 [219.16049984 101.28815904]
 [219.30878103 101.89257964]
 [219.44375991 102.51069591]
 [219.64489203 103.07599408]
 [219.76911995 103.68031773]
 [219.91892488 104.29861649]
 [220.05505511 104.87239989]
 [220.21868415 105.49072212]
 [220.36096306 106.13833325]
 [220.46233593 106.69631055]]


Traiettoria 5: 


Misure della traiettoria:
 [[157.97521943  17.83479399]
 [157.94587365  18.75076511]
 [157.95118834  19.51936254]
 [157.94280264  20.36267223]
 [157.94295724  21.21712276]
 [157.89643233  22.03598839]
 [157.88990054  22.86746765]
 [157.8970968   23.71291846]
 [157.88975699  24.57394204]
 [157.9356458   25.36876443]
 [157.93720454  26.22035083]
 [157.98550271  27.08800597]
 [158.05344856  27.88933292]
 [158.07196756  28.68083409]
 [158.14457846  29.5257617 ]
 [158.12451528  30.37352403]
 [158.15813613  31.17454823]
 [158.17494655  31.99472628]
 [158.23223923  32.84594897]
 [158.21085991  33.65401259]
 [158.26591417  34.4918272 ]
 [158.21407727  35.32551741]
 [158.17624395  36.15135172]
 [158.08533612  36.98873506]
 [158.05725884  37.78731917]
 [158.04787807  38.62173701]
 [158.00592678  39.48321036]
 [157.99295045  40.29426582]
 [157.99901212  41.12196248]
 [157.99961265  41.89591489]
 [158.03526145  42.68648832]
 [158.05310015  43.48391998]
 [158.11890578  44.27411445]
 [158.17520223  45.08560872]
 [158.21293998  45.94049577]
 [158.2744092   46.75086995]
 [158.30361017  47.62538591]
 [158.3381291   48.43645724]
 [158.42769732  49.29581319]
 [158.50656475  50.18139798]
 [158.49594237  50.90829332]
 [158.57280873  51.69916244]
 [158.63897343  52.43974153]
 [158.67006159  53.20067016]
 [158.69340201  53.9104521 ]
 [158.74752638  54.71582796]
 [158.77141853  55.44214375]
 [158.79746568  56.26395943]
 [158.77956671  56.93764565]
 [158.78563539  57.66537341]
 [158.75312526  58.44396941]
 [158.79945188  59.14993657]
 [158.8517215   59.91209353]
 [158.87088667  60.67849441]
 [158.99561737  61.41007474]
 [159.0483249   62.12293276]
 [159.19744596  62.89383962]
 [159.31245275  63.61281253]
 [159.4847933   64.33068122]
 [159.71336266  65.01383851]
 [159.92082902  65.76980089]
 [160.203943    66.45231242]
 [160.42915997  67.10516045]
 [160.70515199  67.82024956]
 [160.9865413   68.48609951]
 [161.33145931  69.15913258]
 [161.66170082  69.79171957]
 [162.03216584  70.45204318]
 [162.42285228  71.08648567]
 [162.82160023  71.68543072]
 [163.28852421  72.32952467]
 [163.72239     72.93472313]
 [164.20190324  73.48289131]
 [164.69362681  74.05254331]
 [165.18865508  74.62461501]
 [165.7082636   75.16183087]
 [166.27123291  75.67208381]
 [166.7886574   76.17513155]
 [167.37804493  76.64282756]
 [167.98452728  77.09574384]
 [168.58449449  77.5139883 ]
 [169.19703828  77.96807464]
 [169.82596819  78.40973334]
 [170.44414766  78.75033318]
 [171.16814908  79.17147039]
 [171.79391984  79.45314639]
 [172.49804559  79.80171515]
 [173.20752762  80.10452203]
 [173.91357809  80.34605139]
 [174.60100277  80.63326298]
 [175.32846158  80.84392274]
 [176.04366775  81.09015719]
 [176.80666724  81.24757964]
 [177.48572168  81.44425015]
 [178.24388768  81.55913386]
 [178.99882018  81.66511014]
 [179.74451326  81.76372822]
 [180.51825183  81.75227012]
 [181.29931381  81.85119412]
 [182.03498617  81.83624894]
 [182.80261082  81.85672751]
 [183.53476094  81.83369083]
 [184.32687563  81.8193705 ]
 [185.04004926  81.87525771]
 [185.80255861  81.81983121]
 [186.51074454  81.82805967]
 [187.21490583  81.7469886 ]
 [187.89981417  81.65845413]
 [188.59373584  81.5764602 ]
 [189.29987368  81.40894958]
 [190.046449    81.26057412]
 [190.79984097  81.07890597]
 [191.50856955  80.94380797]
 [192.25820011  80.75102536]
 [193.06692138  80.61500044]
 [193.88976106  80.52138637]
 [194.7158552   80.40756676]
 [195.55012748  80.30218618]
 [196.44602825  80.22563833]
 [197.22301632  80.09571811]
 [198.13460998  79.97468061]
 [198.96943107  79.85283858]
 [199.66916122  79.68893828]
 [200.41472438  79.56112634]
 [201.14319226  79.36792915]
 [201.90442935  79.20946988]
 [202.6565878   79.00838584]
 [203.41102824  78.81715905]
 [204.10830538  78.58474766]
 [204.88267773  78.35159496]
 [205.6693679   78.08489176]
 [206.41780423  77.75017177]
 [207.23323276  77.46013517]
 [208.01449546  77.14675777]
 [208.77799472  76.83879231]
 [209.4751218   76.55058385]
 [210.2202492   76.22419688]
 [210.91061442  75.98856999]
 [211.59981659  75.69412849]
 [212.23536524  75.43864648]
 [212.86853652  75.20243895]
 [213.56274583  75.02130727]
 [214.17950897  74.7963806 ]
 [214.87512254  74.63946691]
 [215.45440269  74.40466295]
 [216.10091159  74.19802601]
 [216.76874141  73.96699741]
 [217.49758093  73.76317648]
 [218.12340677  73.51331293]
 [218.84018129  73.29158109]
 [219.62704661  73.02833292]
 [220.35254996  72.82072208]
 [221.13313199  72.5906116 ]
 [221.93036247  72.37598794]
 [222.78147766  72.20385732]
 [223.66835918  72.07523626]
 [224.47861126  71.96000944]
 [225.39602942  71.82158587]
 [226.33446969  71.71496916]
 [227.22841248  71.61000226]
 [228.24694917  71.49716757]
 [229.24384916  71.44385628]
 [230.28248866  71.38197042]
 [231.32547403  71.34009516]
 [232.40906577  71.31357188]
 [233.53945055  71.29768149]
 [234.68365573  71.265769  ]
 [235.80117406  71.2841583 ]
 [237.03392633  71.28204948]
 [238.1769048   71.32374504]
 [239.48609572  71.40337415]
 [240.71708569  71.4703708 ]
 [242.04125405  71.50769107]
 [243.3237011   71.62045418]
 [244.71500864  71.74105727]
 [246.04930797  71.87065418]
 [247.41391383  72.02781629]
 [248.85805029  72.22227569]
 [250.30728624  72.38190964]
 [251.72126479  72.53993462]
 [253.23013539  72.77391363]
 [254.71234132  72.97327667]
 [256.20032429  73.20979462]
 [257.73147934  73.43847187]
 [259.30996708  73.69966125]
 [260.85699234  73.93518989]
 [262.41968582  74.20337673]
 [264.06451352  74.49293468]
 [265.67118786  74.7740304 ]
 [267.32986805  75.06347276]
 [268.99034848  75.41771372]
 [270.71201844  75.73676378]
 [272.41440118  76.07291446]
 [274.12475875  76.43526384]
 [275.83405111  76.82905951]
 [277.58047234  77.17278365]
 [279.36572179  77.58141741]
 [281.23957399  78.00297203]
 [283.06642393  78.39775851]
 [284.94833834  78.8971667 ]]


Traiettoria 6: 


Misure della traiettoria:
 [[198.61867908  99.95043843]
 [198.6489344  100.92087456]
 [198.61256689 101.85738613]
 [198.60058711 102.76429271]
 [198.5369001  103.71445725]
 [198.49482712 104.64487656]
 [198.46757131 105.64716918]
 [198.38009747 106.58147034]
 [198.31959132 107.4910854 ]
 [198.25393152 108.42509077]
 [198.19153155 109.34603488]
 [198.13033079 110.26272112]
 [198.11480979 111.22250577]
 [198.0620833  112.1583013 ]
 [197.99920475 113.17191628]
 [197.92737654 114.14121637]
 [197.87680004 115.11487437]
 [197.86306881 116.09663622]
 [197.79641266 117.06715095]
 [197.77917196 118.00352334]
 [197.71590337 118.96423014]
 [197.73545208 119.91434532]
 [197.68036088 120.86632486]
 [197.652405   121.89623549]
 [197.63339229 122.90086907]
 [197.55157954 123.83442095]
 [197.50868644 124.85202073]
 [197.44161013 125.81146655]
 [197.41276969 126.81636669]
 [197.33788036 127.80986324]
 [197.27639698 128.80537027]
 [197.16796675 129.78677834]
 [197.08878994 130.87056904]
 [196.94438272 131.80942192]
 [196.83530663 132.88036693]
 [196.75337456 133.80441755]
 [196.67280026 134.81487167]
 [196.56451922 135.80638172]
 [196.48306013 136.81403391]
 [196.37946543 137.8391885 ]
 [196.23862267 138.88020596]
 [196.20733402 139.87972854]
 [196.06776197 140.87082393]
 [195.94294256 141.91694608]
 [195.82121847 142.91248961]
 [195.66060653 143.87085034]
 [195.56462568 144.89144205]
 [195.37989078 145.8712067 ]
 [195.23754947 146.87213736]
 [195.06727681 147.86970781]
 [194.91583196 148.96040028]
 [194.72153894 149.908092  ]
 [194.61209155 150.90646084]
 [194.45424353 151.90759247]
 [194.41153021 152.88059279]
 [194.36639528 153.92791837]
 [194.37609705 154.9445551 ]
 [194.34230157 155.9585002 ]
 [194.37066424 156.92299989]
 [194.4474981  157.95803143]
 [194.60470605 158.93923254]
 [194.70495915 159.9758316 ]
 [194.85671605 160.94632041]
 [195.07263457 161.97172462]
 [195.33551093 162.95804922]
 [195.58015401 163.92583692]
 [195.90012832 164.92189368]
 [196.20413868 165.86380442]
 [196.62019918 166.775795  ]
 [196.94800164 167.72611764]
 [197.35384815 168.65259344]
 [197.80430696 169.54113011]
 [198.29952261 170.45940866]
 [198.75528884 171.36051775]
 [199.27365176 172.20913865]
 [199.81440793 173.07802716]
 [200.48162963 173.90104991]
 [201.00226197 174.71793217]
 [201.69566251 175.51365949]
 [202.3278259  176.27010867]
 [202.99859196 177.07602189]
 [203.69073671 177.75059481]
 [204.40175394 178.48622739]
 [205.19998523 179.19446646]
 [205.93574722 179.85102081]
 [206.73147084 180.45821418]
 [207.51490667 181.05427326]
 [208.37884715 181.66751267]
 [209.17716026 182.18983163]
 [210.05857789 182.75149894]
 [210.94736314 183.28495699]
 [211.841683   183.77148602]
 [212.75751807 184.17564179]
 [213.6956907  184.60575372]
 [214.58254786 184.9764987 ]
 [215.4922555  185.33155911]
 [216.48068366 185.68866238]
 [217.39651594 185.97781999]
 [218.41878438 186.25954716]
 [219.38755691 186.4993855 ]
 [220.38122918 186.67159409]
 [221.38941774 186.86585032]
 [222.45200926 187.09164554]
 [223.49011115 187.30559601]
 [224.50797433 187.47384072]
 [225.40749391 187.64613105]
 [226.31780789 187.87468157]
 [227.1733157  188.08113073]
 [228.016209   188.26640323]
 [228.83932323 188.54168796]
 [229.56860086 188.79162075]
 [230.43592071 189.04990606]
 [231.28851702 189.39566876]
 [232.17957817 189.71437995]
 [233.14163029 190.03552176]
 [234.11166793 190.28332034]
 [235.16358723 190.54022712]
 [236.27287223 190.8621163 ]
 [237.22293369 191.19768589]
 [238.24088829 191.57904989]
 [239.08655212 191.96493042]
 [239.93785373 192.42125871]
 [240.74425224 192.84944084]
 [241.62745682 193.33650386]
 [242.4987271  193.85280445]
 [243.34402727 194.39511371]
 [244.17212791 194.99774785]
 [244.98914028 195.60315734]
 [245.76597954 196.27274124]
 [246.51959323 196.950267  ]
 [247.32628246 197.57635143]
 [248.12243184 198.22413712]
 [248.943172   198.89447104]
 [249.75218442 199.57476005]
 [250.5872481  200.22655648]
 [251.46838664 200.85723138]
 [252.34364515 201.57455939]
 [253.17669147 202.29528821]
 [254.02935795 203.0004473 ]
 [254.86861156 203.73032516]
 [255.7282191  204.50856512]
 [256.65179575 205.23168066]
 [257.57513474 206.00653251]
 [258.46538857 206.78139141]
 [259.37353931 207.56697191]
 [260.3021956  208.40058328]
 [261.1311287  209.2467898 ]
 [262.05513296 210.04060014]
 [262.9226325  210.81666234]
 [263.75143917 211.58675119]
 [264.57470212 212.30862   ]
 [265.25983239 212.98797768]
 [265.84691168 213.65119493]
 [266.37391545 214.24482548]
 [266.77865612 214.87065157]
 [267.10551139 215.32617634]
 [267.34247836 215.79207407]
 [267.45225974 216.19326949]
 [267.44092569 216.58630268]
 [267.44518446 216.86515181]
 [267.26077387 217.11697706]
 [266.97970576 217.32999918]
 [266.64777684 217.53664871]
 [266.19939409 217.61329492]
 [265.67710396 217.67112363]
 [264.96858401 217.6671027 ]
 [264.29125184 217.65040439]
 [263.45526422 217.56137997]
 [262.46802902 217.39164568]
 [261.45076275 217.19556357]
 [260.33171178 216.91407991]
 [259.126396   216.61994671]
 [257.78987771 216.24663745]
 [256.45301751 215.80641802]
 [254.91696113 215.32654335]
 [253.31657066 214.75816406]
 [251.60048141 214.17539312]
 [249.78826763 213.56142298]
 [247.85346882 212.83998536]
 [245.86520782 212.03092321]
 [243.81242187 211.27137633]
 [241.57677119 210.36641795]
 [239.28551036 209.49514347]
 [236.87434992 208.51925253]
 [234.36070578 207.56055036]
 [231.7598763  206.50172788]
 [229.00597764 205.38449007]
 [226.16906367 204.25037363]
 [223.26565948 203.01455319]
 [220.23360703 201.76859554]
 [217.0926943  200.4335721 ]
 [213.79625515 199.07300362]
 [210.43938342 197.65149963]
 [206.94989584 196.18200477]
 [203.35373752 194.64151444]
 [199.63958946 193.05660192]
 [195.82275855 191.42254641]
 [191.89336109 189.71664056]
 [187.87789488 187.95390519]
 [183.669976   186.16180691]]


Traiettoria 7: 


Misure della traiettoria:
 [[189.35116757   9.63571335]
 [189.3024174    9.83246771]
 [189.26401786  10.03081556]
 [189.33802935  10.20506266]
 [189.25567536  10.39713876]
 [189.28017366  10.55008693]
 [189.27718016  10.74603534]
 [189.24523131  10.91304366]
 [189.25822327  11.09219956]
 [189.26228071  11.32738465]
 [189.26515292  11.54716403]
 [189.20254458  11.67119371]
 [189.21573715  11.88749491]
 [189.13549376  12.08575997]
 [189.166919    12.25470976]
 [189.14376084  12.46951416]
 [189.09643345  12.62056035]
 [189.09245961  12.84391154]
 [189.07293661  13.08456823]
 [189.09141566  13.27767648]
 [189.05955076  13.43037571]
 [189.06854371  13.60110684]
 [189.02228119  13.75062997]
 [189.04844548  13.95912054]
 [189.00855981  14.0970357 ]
 [189.06066195  14.34740515]
 [189.01141714  14.50491451]
 [188.97552547  14.66511705]
 [188.8831927   14.83249697]
 [188.83485979  14.99114701]
 [188.84563313  15.21912962]
 [188.7487762   15.33968613]
 [188.69957163  15.51251251]
 [188.61881575  15.65886284]
 [188.55072304  15.835967  ]
 [188.47120959  16.01420082]
 [188.40728803  16.14886037]
 [188.32262493  16.36131822]
 [188.24898785  16.47114792]
 [188.18637457  16.65066603]
 [188.13120264  16.83689251]
 [188.05238145  17.05438344]
 [187.95214943  17.18202908]
 [187.84808771  17.45754943]
 [187.7890313   17.58280534]
 [187.74795052  17.79798491]
 [187.65705025  17.96063931]
 [187.62557867  18.18465967]
 [187.53087753  18.35658626]
 [187.44666564  18.54340146]
 [187.34155903  18.71600029]
 [187.26558317  18.83531152]
 [187.20824281  19.06993148]
 [187.13180526  19.24711554]
 [187.11784081  19.42135004]
 [187.04041884  19.59378259]
 [186.96653178  19.77716179]
 [186.91549284  19.95317817]
 [186.8381211   20.139501  ]
 [186.81706632  20.33440821]
 [186.78794575  20.51262939]
 [186.7830864   20.73843515]
 [186.73467617  20.94505361]
 [186.72456277  21.11380118]
 [186.73377739  21.30775529]
 [186.69532392  21.50838911]
 [186.72529799  21.69442411]
 [186.75848557  21.89896376]
 [186.74961919  22.10120058]
 [186.71416419  22.30803739]
 [186.79361694  22.4504694 ]
 [186.83173865  22.65479897]
 [186.84859403  22.85401902]
 [186.91206458  23.06504597]
 [186.94842946  23.2201958 ]
 [186.98763623  23.41075627]
 [187.03330987  23.59131974]
 [187.14778459  23.76606416]
 [187.19338586  23.98620623]
 [187.28895455  24.16656694]
 [187.3144572   24.37408483]
 [187.45570849  24.51965921]
 [187.52531742  24.73004287]
 [187.57494541  24.87236835]
 [187.73072875  25.11318944]
 [187.83291656  25.20013748]
 [187.95940594  25.38787892]
 [188.02740012  25.57426576]
 [188.17444914  25.67242386]
 [188.30789669  25.86075731]
 [188.40822681  26.01099665]
 [188.57796198  26.14964439]
 [188.70783318  26.31759095]
 [188.8578951   26.41800509]
 [188.99167463  26.5227715 ]
 [189.13482778  26.69925782]
 [189.28776893  26.8128811 ]
 [189.44341946  26.92144245]
 [189.59667464  26.99875412]
 [189.782301    27.12993588]
 [189.96132931  27.2303617 ]
 [190.16283693  27.33624994]
 [190.35670227  27.3881215 ]
 [190.50257175  27.5004351 ]
 [190.71880743  27.56593222]
 [190.89665755  27.6492934 ]
 [191.11195286  27.75948527]
 [191.3299778   27.86365303]
 [191.51457227  27.92183831]
 [191.76281346  28.0023677 ]
 [191.97150305  28.12871678]
 [192.18280704  28.17578631]
 [192.35859614  28.28065403]
 [192.61656963  28.33963933]
 [192.85950252  28.44930866]
 [193.04861076  28.45630157]
 [193.29854954  28.59351023]
 [193.4948186   28.6760117 ]
 [193.72335306  28.79998834]
 [193.9046204   28.83590123]
 [194.13538411  28.99447631]
 [194.36896637  29.11098547]
 [194.59809097  29.20433136]
 [194.81920705  29.329991  ]
 [195.02547208  29.45686595]
 [195.21416325  29.51602159]
 [195.41577754  29.64797669]
 [195.59995184  29.7416785 ]
 [195.75415737  29.81976504]
 [195.99125179  29.95505132]
 [196.11166527  30.06589032]
 [196.23627585  30.17867693]
 [196.41447033  30.26240596]
 [196.61076754  30.41678266]
 [196.72695518  30.46685837]
 [196.9131636   30.54707795]
 [197.03651221  30.66408794]
 [197.21937727  30.72790861]
 [197.35451772  30.84673211]
 [197.46136688  31.00388483]
 [197.64530402  31.03626072]
 [197.89155291  31.14224834]
 [198.0072947   31.25733926]
 [198.21527293  31.32772852]
 [198.41819318  31.41967966]
 [198.58550703  31.51980933]
 [198.77252112  31.60525197]
 [198.96615279  31.66978395]
 [199.13779247  31.7433977 ]
 [199.3168183   31.85237102]
 [199.4675642   31.96673795]
 [199.62237346  32.06747127]
 [199.79182663  32.17244497]
 [199.91763923  32.24000095]
 [200.06078261  32.3275393 ]
 [200.16554945  32.40474153]
 [200.30223587  32.48928815]
 [200.38136269  32.52582769]
 [200.52820431  32.58443323]
 [200.62107689  32.66594358]
 [200.7760183   32.71378742]
 [200.85776427  32.75025442]
 [201.00764785  32.79269423]
 [201.10406963  32.80363056]
 [201.22556757  32.93551197]
 [201.37862908  33.01146754]
 [201.56661825  33.12261722]
 [201.68454181  33.24760194]
 [201.86755521  33.39914997]
 [202.02605318  33.52039205]
 [202.27126843  33.70887603]
 [202.35643082  33.90297175]
 [202.57293474  34.07810856]
 [202.71287495  34.35599498]
 [202.91908728  34.59297132]
 [203.10109615  34.90213761]
 [203.31173498  35.14896058]
 [203.4894507   35.48204894]
 [203.681196    35.78068325]
 [203.86806596  36.09437712]
 [204.09500768  36.47365147]
 [204.21592007  36.85088272]
 [204.43966583  37.2167795 ]
 [204.61703922  37.63301773]
 [204.84641972  38.0749907 ]
 [204.99074633  38.55520964]
 [205.16915926  38.97814744]
 [205.3251548   39.45888062]
 [205.47213683  39.95651922]
 [205.66914878  40.43450339]
 [205.84031874  40.98012015]
 [205.97285172  41.48896843]
 [206.173891    42.07143648]
 [206.29843697  42.5962619 ]
 [206.45807934  43.17701552]
 [206.57151861  43.76346088]
 [206.6534438   44.33760203]
 [206.74538197  44.86469531]
 [206.84107984  45.44623384]
 [206.84722764  46.03730695]]


Traiettoria 8: 


Misure della traiettoria:
 [[139.00853073 152.98112549]
 [138.99934402 152.91789917]
 [139.02910521 152.89401262]
 [139.08819291 152.74729628]
 [139.13914162 152.63873726]
 [139.14137385 152.51449451]
 [139.04703914 152.4303731 ]
 [138.99157182 152.29713541]
 [138.96478249 152.22085211]
 [138.92823592 152.08161668]
 [138.98251252 151.92549907]
 [138.98350275 151.82652964]
 [138.91992785 151.75348388]
 [138.95760132 151.58339907]
 [138.93370045 151.40604052]
 [138.86561548 151.2266726 ]
 [138.88534314 151.0253738 ]
 [138.80951452 150.78721634]
 [138.77045935 150.54005036]
 [138.69614366 150.33332418]
 [138.61799375 150.13674913]
 [138.52349328 150.033558  ]
 [138.3868675  149.89392951]
 [138.32198672 149.71451868]
 [138.27944458 149.60669944]
 [138.25627326 149.53262794]
 [138.198075   149.49622989]
 [138.23996374 149.50720609]
 [138.31832484 149.40077912]
 [138.3744693  149.39601749]
 [138.51965816 149.31860705]
 [138.60244653 149.29645832]
 [138.69531997 149.24810457]
 [138.75570172 149.18789548]
 [138.86120304 149.04536158]
 [138.87710162 148.93781646]
 [138.91374793 148.87347633]
 [138.95549604 148.73178631]
 [138.975192   148.57127098]
 [138.99730105 148.38548705]
 [138.95779411 148.22902337]
 [138.85654757 147.96761031]
 [138.79013312 147.73375553]
 [138.69593642 147.43662504]
 [138.60918556 147.14525891]
 [138.5173274  146.9354559 ]
 [138.52859938 146.71741415]
 [138.43410716 146.43725533]
 [138.39794792 146.19754822]
 [138.31515073 145.96979133]
 [138.28636354 145.79544068]
 [138.23703281 145.68600641]
 [138.17265933 145.47631261]
 [138.08456771 145.31934756]
 [138.05639498 145.21497794]
 [137.93573889 145.05653669]
 [137.85907809 144.91338598]
 [137.80097665 144.74287853]
 [137.72665363 144.673973  ]
 [137.63270631 144.52103183]
 [137.55855027 144.37385835]
 [137.47202498 144.25945854]
 [137.35281427 144.15995349]
 [137.22590534 144.02734003]
 [137.15432129 143.94954988]
 [137.04985141 143.83138632]
 [136.96302612 143.7466022 ]
 [136.82752409 143.64276932]
 [136.7199912  143.58542883]
 [136.64261029 143.55890467]
 [136.47576853 143.4056339 ]
 [136.34429192 143.32164018]
 [136.20543693 143.25856791]
 [136.14095616 143.18620635]
 [136.02072073 143.10984615]
 [135.83516696 143.0391463 ]
 [135.76096469 142.99576982]
 [135.65193975 142.89131489]
 [135.44279415 142.85847779]
 [135.3239113  142.7604253 ]
 [135.21609443 142.73915137]
 [135.06148815 142.68429471]
 [134.90175561 142.67650567]
 [134.76518634 142.61411458]
 [134.63188606 142.57378171]
 [134.48303868 142.5158343 ]
 [134.30943817 142.5356965 ]
 [134.19306745 142.55260695]
 [134.06687522 142.50545734]
 [133.88542833 142.52640394]
 [133.74189878 142.54242464]
 [133.606864   142.55676794]
 [133.44950515 142.5414103 ]
 [133.32422715 142.56166699]
 [133.11731555 142.61589546]
 [132.98633068 142.59104315]
 [132.87229358 142.66283383]
 [132.7457193  142.71978348]
 [132.57830403 142.74019373]
 [132.45918471 142.83191247]
 [132.34365726 142.9014508 ]
 [132.19665582 142.97560847]
 [132.02599296 143.04247423]
 [131.89848191 143.08862603]
 [131.79684632 143.10239244]
 [131.66138061 143.18561841]
 [131.549029   143.29522786]
 [131.43444817 143.31230638]
 [131.32124161 143.39481306]
 [131.17540963 143.43026272]
 [131.10570836 143.55463147]
 [130.95839592 143.59357145]
 [130.85112035 143.66547751]
 [130.80133034 143.77437666]
 [130.6738175  143.86291584]
 [130.53023497 143.95611837]
 [130.38670406 144.13142352]
 [130.26710539 144.23335084]
 [130.10917438 144.35484912]
 [129.92318469 144.48921105]
 [129.77994337 144.61558857]
 [129.59181735 144.77968622]
 [129.45707497 144.85090298]
 [129.31061001 145.02892174]
 [129.1272393  145.15132025]
 [128.94424962 145.26046538]
 [128.77730065 145.43891645]
 [128.62049702 145.57576152]
 [128.45933845 145.69991867]
 [128.31743486 145.8194638 ]
 [128.18209103 145.9480271 ]
 [128.03441317 146.11824075]
 [127.90695973 146.26152828]
 [127.75729785 146.45529425]
 [127.58656243 146.60421071]
 [127.43826203 146.70839272]
 [127.27094305 146.88120463]
 [127.12111491 146.94559225]
 [126.9013715  147.05649791]
 [126.77370402 147.15843413]
 [126.51458707 147.22488484]
 [126.36357539 147.29976361]
 [126.1563364  147.42903769]
 [125.94126242 147.53059747]
 [125.78743012 147.57259586]
 [125.52993453 147.68637644]
 [125.36448454 147.68445371]
 [125.14357632 147.78815088]
 [124.92483286 147.81765134]
 [124.69404175 147.88723339]
 [124.50425517 147.91654314]
 [124.28265753 147.93537484]
 [124.04988041 148.01209985]
 [123.90902841 148.02509233]
 [123.71069678 148.13054055]
 [123.52498658 148.18424145]
 [123.36421762 148.29253256]
 [123.18090988 148.37211987]
 [122.98879464 148.44559584]
 [122.81615306 148.53701623]
 [122.65818023 148.6567972 ]
 [122.4641134  148.74818364]
 [122.29400833 148.89192452]
 [122.12353963 149.03772914]
 [121.98886483 149.17985326]
 [121.8548484  149.2969673 ]
 [121.70815597 149.43146667]
 [121.55369851 149.64480663]
 [121.41534594 149.77081842]
 [121.3046021  149.99926541]
 [121.12998911 150.1679649 ]
 [121.05597329 150.4226733 ]
 [120.91593731 150.53236976]
 [120.83549797 150.82396884]
 [120.70334652 151.05825584]
 [120.63729634 151.31144964]
 [120.49102355 151.51736898]
 [120.43478181 151.8094326 ]
 [120.32198995 152.05057888]
 [120.22845457 152.34918011]
 [120.18235929 152.59024325]
 [120.12761135 152.88326097]
 [120.02819602 153.20545016]
 [119.92091868 153.4481447 ]
 [119.87319001 153.75794326]
 [119.80766861 154.12307992]
 [119.7713739  154.43042285]
 [119.6929704  154.76047117]
 [119.65835207 155.13448161]
 [119.59751198 155.48743175]
 [119.5893327  155.84875191]
 [119.53941753 156.24514871]
 [119.48416579 156.64507741]
 [119.47445441 157.03597371]
 [119.48494397 157.50664407]
 [119.49374458 157.94380387]
 [119.47226194 158.36046502]
 [119.50191265 158.85388489]
 [119.48801455 159.35806677]
 [119.51621412 159.86496296]]


Traiettoria 9: 


Misure della traiettoria:
 [[ 44.02738968  42.96877831]
 [ 44.04346935  43.53704584]
 [ 44.0161963   44.11969107]
 [ 43.96712391  44.73399166]
 [ 43.98957759  45.3238572 ]
 [ 43.93092551  45.91410648]
 [ 43.91423622  46.50233938]
 [ 43.86037928  47.11832422]
 [ 43.80672356  47.72884516]
 [ 43.79528434  48.33090167]
 [ 43.76158544  48.912238  ]
 [ 43.69390397  49.50247672]
 [ 43.56033367  50.18497788]
 [ 43.48935928  50.76455471]
 [ 43.37695431  51.36974568]
 [ 43.25743407  51.94270205]
 [ 43.13701528  52.50882466]
 [ 43.03495007  53.14421777]
 [ 42.93771754  53.71683518]
 [ 42.84691524  54.25453147]
 [ 42.70014907  54.81990395]
 [ 42.61980394  55.43974512]
 [ 42.58206549  56.02226001]
 [ 42.52605227  56.6708586 ]
 [ 42.4799794   57.24121685]
 [ 42.37819908  57.84635215]
 [ 42.3408359   58.4239713 ]
 [ 42.33279332  58.98172415]
 [ 42.29986543  59.64733391]
 [ 42.23581222  60.18036626]
 [ 42.22589173  60.80746802]
 [ 42.15958473  61.39052874]
 [ 42.14473281  61.966653  ]
 [ 42.14214359  62.52025963]
 [ 42.05710155  63.12380084]
 [ 42.08296521  63.71396739]
 [ 42.07679027  64.27975966]
 [ 42.08401389  64.93757799]
 [ 42.20744681  65.61364   ]
 [ 42.24394703  66.22705538]
 [ 42.2247459   66.85420987]
 [ 42.25898747  67.48280593]
 [ 42.35311873  68.10867963]
 [ 42.38154352  68.68924434]
 [ 42.43921081  69.28359118]
 [ 42.49467588  69.90074067]
 [ 42.54589038  70.48173585]
 [ 42.58472504  71.09398415]
 [ 42.48331561  71.64212071]
 [ 42.48963672  72.19120256]
 [ 42.51238429  72.72945201]
 [ 42.53312454  73.28894652]
 [ 42.56213966  73.84482667]
 [ 42.62761927  74.44066982]
 [ 42.68847373  74.90899317]
 [ 42.80375007  75.49632627]
 [ 42.95479415  76.04415912]
 [ 43.00099662  76.5698178 ]
 [ 43.16462071  77.12189591]
 [ 43.30967883  77.65504569]
 [ 43.48513688  78.17917118]
 [ 43.61793432  78.70362939]
 [ 43.904726    79.1879767 ]
 [ 44.10049404  79.7122986 ]
 [ 44.36001038  80.25109434]
 [ 44.63504568  80.73418441]
 [ 44.86042183  81.24018536]
 [ 45.16979757  81.67361536]
 [ 45.46225716  82.21088838]
 [ 45.75308886  82.66030739]
 [ 46.0803364   83.1113172 ]
 [ 46.41707544  83.5591015 ]
 [ 46.78464104  83.98333334]
 [ 47.13748459  84.48720527]
 [ 47.51783049  84.83639952]
 [ 47.91215747  85.24742435]
 [ 48.34214293  85.65189815]
 [ 48.74806925  86.00306583]
 [ 49.22043347  86.37873594]
 [ 49.6529426   86.72114153]
 [ 50.07018269  87.08926858]
 [ 50.5687912   87.40618167]
 [ 51.06191423  87.70884219]
 [ 51.5434243   88.00909522]
 [ 52.06809397  88.26610182]
 [ 52.56131925  88.54085783]
 [ 53.06949867  88.76728657]
 [ 53.59824778  88.98183336]
 [ 54.14838449  89.23209644]
 [ 54.64282606  89.41797114]
 [ 55.19973891  89.63146516]
 [ 55.73834269  89.75349451]
 [ 56.29697688  89.90051127]
 [ 56.86051548  90.06129311]
 [ 57.39591123  90.168085  ]
 [ 58.00892619  90.23492513]
 [ 58.51941481  90.28404314]
 [ 59.10647306  90.3270705 ]
 [ 59.69189366  90.39863713]
 [ 60.28204071  90.43431569]
 [ 60.85296757  90.41953702]
 [ 61.41958873  90.43710742]
 [ 61.96254466  90.38378623]
 [ 62.54936646  90.34788224]
 [ 63.09663332  90.33299542]
 [ 63.65169804  90.25397141]
 [ 64.16819321  90.15142333]
 [ 64.66727809  90.1342493 ]
 [ 65.16994543  90.1035378 ]
 [ 65.63340812  90.1086105 ]
 [ 66.08777342  90.09980054]
 [ 66.55541604  90.09790997]
 [ 67.11642237  90.08764351]
 [ 67.67349484  90.12031043]
 [ 68.15921475  90.12089516]
 [ 68.67432624  90.07678824]
 [ 69.23644823  90.16081642]
 [ 69.83022248  90.18892647]
 [ 70.42189369  90.21989254]
 [ 71.04979652  90.23583777]
 [ 71.61423131  90.23721069]
 [ 72.2301083   90.30506216]
 [ 72.81702787  90.38901021]
 [ 73.48975388  90.47683438]
 [ 74.1042955   90.56308446]
 [ 74.82150281  90.57935974]
 [ 75.45590678  90.6278114 ]
 [ 76.18212146  90.58933796]
 [ 76.85784693  90.58660604]
 [ 77.56606577  90.60039327]
 [ 78.18357505  90.55218166]
 [ 78.80561662  90.52520841]
 [ 79.38415601  90.52871848]
 [ 80.06022231  90.5341938 ]
 [ 80.63986937  90.46611027]
 [ 81.23966263  90.45752214]
 [ 81.78532997  90.34379557]
 [ 82.33899427  90.21486568]
 [ 82.90090235  90.09312669]
 [ 83.45519446  89.93243097]
 [ 83.96744138  89.76065193]
 [ 84.5199912   89.65852018]
 [ 84.97772724  89.45556752]
 [ 85.47046579  89.31604042]
 [ 85.93834694  89.09647639]
 [ 86.4822577   88.94354425]
 [ 86.93815881  88.78920589]
 [ 87.4265198   88.60916584]
 [ 87.94118208  88.39051824]
 [ 88.35710802  88.21433879]
 [ 88.806951    88.0586452 ]
 [ 89.3312787   87.84407626]
 [ 89.83053057  87.64254047]
 [ 90.38204444  87.46259368]
 [ 90.96606587  87.3065909 ]
 [ 91.57561921  87.15250058]
 [ 92.18915322  86.90501676]
 [ 92.86457665  86.76787101]
 [ 93.58615578  86.59539222]
 [ 94.38998903  86.37432456]
 [ 95.16040396  86.23108493]
 [ 95.95241634  86.0772198 ]
 [ 96.77256596  85.84998371]
 [ 97.63899446  85.72260313]
 [ 98.55547212  85.57259967]
 [ 99.44677699  85.45272292]
 [100.37798796  85.34544413]
 [101.37419102  85.25695661]
 [102.33268386  85.16374329]
 [103.34165956  85.09038531]
 [104.33228472  85.06109724]
 [105.42884814  84.98635198]
 [106.46692039  84.94512791]
 [107.57486388  84.968902  ]
 [108.64081372  84.89807431]
 [109.74969755  84.91802162]
 [110.89181121  84.99541625]
 [111.997855    85.02717891]
 [113.19325511  85.13649109]
 [114.32196136  85.18087104]
 [115.50159334  85.35486782]
 [116.67776012  85.4718406 ]
 [117.8000078   85.67511673]
 [119.00200222  85.84813372]
 [120.25927394  86.06450458]
 [121.47791473  86.2331105 ]
 [122.63329737  86.4915035 ]
 [123.88664735  86.71532866]
 [125.17853586  87.00387872]
 [126.45328792  87.3248047 ]
 [127.78480482  87.57156866]
 [129.052399    87.89118268]
 [130.36778271  88.22059916]
 [131.70616293  88.55293484]
 [133.01831849  88.86092413]
 [134.42658841  89.26719177]
 [135.77246606  89.67396939]
 [137.19651974  90.08548738]
 [138.54015946  90.4983253 ]
 [139.95935176  90.97242224]]


Traiettoria 10: 


Misure della traiettoria:
 [[ 71.58638274 141.06311069]
 [ 71.63512522 141.19871373]
 [ 71.59616584 141.24054592]
 [ 71.60566089 141.3682466 ]
 [ 71.57774357 141.38305151]
 [ 71.59702588 141.46492326]
 [ 71.57411345 141.52442453]
 [ 71.58876583 141.62602883]
 [ 71.63047226 141.68755168]
 [ 71.64016905 141.76724451]
 [ 71.6246015  141.78329738]
 [ 71.69215607 141.88391569]
 [ 71.73041018 141.91166243]
 [ 71.73995549 141.92185808]
 [ 71.78320981 141.98464413]
 [ 71.77980438 142.04619743]
 [ 71.75257578 142.12497143]
 [ 71.7444716  142.11207867]
 [ 71.76119559 142.16117507]
 [ 71.79713886 142.25885654]
 [ 71.73067606 142.26849146]
 [ 71.72755571 142.30114478]
 [ 71.74130023 142.35636222]
 [ 71.69565655 142.41480089]
 [ 71.65551354 142.45858825]
 [ 71.6363395  142.53494565]
 [ 71.57932684 142.60265634]
 [ 71.54930514 142.68089466]
 [ 71.53691261 142.73665418]
 [ 71.50420867 142.81820427]
 [ 71.41339319 142.93217089]
 [ 71.4359756  143.02730605]
 [ 71.38163419 143.0729885 ]
 [ 71.36918096 143.15502189]
 [ 71.33970832 143.26489642]
 [ 71.34976351 143.39603639]
 [ 71.36123145 143.50235203]
 [ 71.3163462  143.61652319]
 [ 71.3139367  143.76087294]
 [ 71.30377877 143.85107579]
 [ 71.34196218 143.98899599]
 [ 71.32787863 144.08151277]
 [ 71.3077944  144.23593019]
 [ 71.33177925 144.31683552]
 [ 71.32834195 144.42112498]
 [ 71.28603898 144.56504095]
 [ 71.32161047 144.68493633]
 [ 71.30867968 144.76346144]
 [ 71.3364489  144.95176289]
 [ 71.36121465 145.0606982 ]
 [ 71.39697362 145.16355914]
 [ 71.388413   145.30838773]
 [ 71.39416642 145.3922917 ]
 [ 71.38835304 145.49513499]
 [ 71.4046841  145.59607968]
 [ 71.42480861 145.70866503]
 [ 71.48773089 145.81223198]
 [ 71.52310916 145.88131725]
 [ 71.55454803 145.99274761]
 [ 71.61477915 146.09436097]
 [ 71.63242571 146.18509401]
 [ 71.65574865 146.30554498]
 [ 71.7515193  146.37085142]
 [ 71.80341197 146.48102771]
 [ 71.83906298 146.55885809]
 [ 71.90875738 146.63561785]
 [ 71.98805455 146.76514515]
 [ 72.04943784 146.83334586]
 [ 72.12597366 146.98314686]
 [ 72.16343417 147.07584875]
 [ 72.26304035 147.13880219]
 [ 72.34857343 147.19158441]
 [ 72.41549603 147.24364935]
 [ 72.54612377 147.41349589]
 [ 72.57634828 147.44859673]
 [ 72.66677629 147.55593236]
 [ 72.79641735 147.64268448]
 [ 72.87522108 147.66445342]
 [ 72.95415319 147.7291336 ]
 [ 73.06573623 147.79352446]
 [ 73.18970689 147.88181303]
 [ 73.28645592 147.95617137]
 [ 73.38581379 148.05377081]
 [ 73.46986034 148.06458537]
 [ 73.60304887 148.11604968]
 [ 73.69759548 148.19039197]
 [ 73.80448011 148.22942199]
 [ 73.90239898 148.25813514]
 [ 74.0297047  148.33773425]
 [ 74.12473885 148.40064294]
 [ 74.22325686 148.38919672]
 [ 74.33753315 148.41311498]
 [ 74.43716123 148.47218451]
 [ 74.57675711 148.47665239]
 [ 74.66695653 148.52682337]
 [ 74.78503227 148.57917121]
 [ 74.87665959 148.50444019]
 [ 74.97955443 148.5829653 ]
 [ 75.07004762 148.58975453]
 [ 75.18783311 148.63022522]
 [ 75.31841316 148.60355457]
 [ 75.43085352 148.60373546]
 [ 75.48292133 148.6343054 ]
 [ 75.59675695 148.65231662]
 [ 75.59940587 148.69373899]
 [ 75.58579363 148.69308112]
 [ 75.65386828 148.7098063 ]
 [ 75.78883947 148.69228199]
 [ 75.84821814 148.7162526 ]
 [ 75.96147931 148.71686082]
 [ 76.07454598 148.7119757 ]
 [ 76.15472775 148.71069068]
 [ 76.25761046 148.70365253]
 [ 76.33901894 148.76863493]
 [ 76.37604285 148.7721727 ]
 [ 76.394503   148.82482786]
 [ 76.45250282 148.85070482]
 [ 76.47927741 148.92721658]
 [ 76.52617223 148.94085317]
 [ 76.58151643 149.00726447]
 [ 76.63426728 149.09288971]
 [ 76.64358869 149.10566056]
 [ 76.71376827 149.15161944]
 [ 76.82010486 149.14972443]
 [ 76.87204691 149.19999414]
 [ 76.96542277 149.25387799]
 [ 77.0525567  149.30740356]
 [ 77.10749173 149.36986512]
 [ 77.14407709 149.47791623]
 [ 77.21286443 149.58941034]
 [ 77.24947729 149.69446854]
 [ 77.29163518 149.80045828]
 [ 77.28672466 149.92236941]
 [ 77.29978506 150.06295466]
 [ 77.29396587 150.19359494]
 [ 77.33558041 150.30517438]
 [ 77.3121806  150.40521458]
 [ 77.2952617  150.54491528]
 [ 77.23761617 150.62665424]
 [ 77.20847248 150.71003246]
 [ 77.17029448 150.82031698]
 [ 77.12271999 150.92177381]
 [ 77.04555169 151.02642058]
 [ 76.989173   151.1224488 ]
 [ 76.85734026 151.21457115]
 [ 76.73786403 151.30148252]
 [ 76.63913862 151.4027093 ]
 [ 76.43312101 151.43986555]
 [ 76.31633427 151.49128577]
 [ 76.13685518 151.55698999]
 [ 75.94476334 151.61057729]
 [ 75.75998818 151.71480192]
 [ 75.53722387 151.79260337]
 [ 75.2780811  151.85861517]
 [ 74.94684861 151.93180441]
 [ 74.61725137 151.95686984]
 [ 74.21451129 151.98927788]
 [ 73.84012424 152.13687671]
 [ 73.39292771 152.18684762]
 [ 72.90505336 152.26669626]
 [ 72.41354429 152.34909867]
 [ 71.88723346 152.46333039]
 [ 71.34703059 152.58289122]
 [ 70.72997574 152.74830672]
 [ 70.12334336 152.90906967]
 [ 69.43988884 153.15507802]
 [ 68.74953172 153.27703637]
 [ 68.02829806 153.47956311]
 [ 67.25187016 153.66201309]
 [ 66.50390734 153.8787971 ]
 [ 65.65260747 154.10639674]
 [ 64.78919297 154.29324366]
 [ 63.92144926 154.48072148]
 [ 62.98777031 154.78611205]
 [ 62.00543105 154.9960945 ]
 [ 61.07213438 155.23034998]
 [ 60.05026933 155.44980598]
 [ 59.03148653 155.74046713]
 [ 57.97878986 156.00832753]
 [ 56.8861064  156.34564853]
 [ 55.79432587 156.59037498]
 [ 54.63701687 156.90555162]
 [ 53.44975922 157.20012875]
 [ 52.28324757 157.4941286 ]
 [ 51.07729886 157.81840346]
 [ 49.80929847 158.13261011]
 [ 48.55061414 158.48858964]
 [ 47.19783709 158.81189756]
 [ 45.84767042 159.10395561]
 [ 44.48365286 159.53748509]
 [ 43.06701328 159.86314773]
 [ 41.61217041 160.25256858]
 [ 40.16438796 160.62651419]
 [ 38.57494455 160.94388776]
 [ 37.06394581 161.36433358]
 [ 35.47712167 161.75650899]
 [ 33.86515856 162.03393346]
 [ 32.18364374 162.4168334 ]
 [ 30.4658023  162.80326771]
 [ 28.74512387 163.14653621]]

