Dataset caricato correttamente
Traiettorie selezionate, troncate ai primi 200 secondi: 

Traiettoria 1: 48-esima
Traiettoria 2: 11-esima
Traiettoria 3: 38-esima
Traiettoria 4: 5-esima
Traiettoria 5: 4-esima
Traiettoria 6: 49-esima
Traiettoria 7: 38-esima
Traiettoria 8: 33-esima
Traiettoria 9: 18-esima
Traiettoria 10: 41-esima
Numero di traiettorie selezionate: 10

Traiettoria 1: 


Misure della traiettoria:
 [[  0.7714419  101.1132615 ]
 [  0.70956809 101.7158488 ]
 [  0.68992294 102.40097724]
 [  0.6737973  103.04610034]
 [  0.66082553 103.65159543]
 [  0.68281806 104.24022146]
 [  0.65765905 104.85008159]
 [  0.60520659 105.46151127]
 [  0.61580058 106.08444042]
 [  0.55019704 106.68613441]
 [  0.55575465 107.26853458]
 [  0.58910445 107.91829897]
 [  0.53470745 108.50576719]
 [  0.52176624 109.201231  ]
 [  0.50951008 109.76029554]
 [  0.51577319 110.44489274]
 [  0.50095827 111.03027354]
 [  0.51668923 111.69771702]
 [  0.56214871 112.32180077]
 [  0.54129879 113.00356121]
 [  0.55569002 113.69509249]
 [  0.53313577 114.30455732]
 [  0.57391981 114.97154381]
 [  0.5358894  115.65190374]
 [  0.59387554 116.33039668]
 [  0.60044538 116.99359157]
 [  0.59909633 117.71293419]
 [  0.66255668 118.34104561]
 [  0.6414788  119.04372525]
 [  0.7067753  119.75715753]
 [  0.7449245  120.45307394]
 [  0.79430967 121.22264605]
 [  0.78717256 121.92987056]
 [  0.87284578 122.60965995]
 [  0.89748833 123.30168446]
 [  0.95969274 124.09249322]
 [  1.02592665 124.82180778]
 [  1.07578664 125.55855612]
 [  1.1346572  126.37197052]
 [  1.14901683 127.07390083]
 [  1.23858516 127.87509515]
 [  1.2842814  128.67002484]
 [  1.38843435 129.4995224 ]
 [  1.42409084 130.23111506]
 [  1.50465625 131.01510809]
 [  1.58576956 131.76369418]
 [  1.66706025 132.56031083]
 [  1.77854826 133.28520038]
 [  1.87747926 134.03396872]
 [  1.97138512 134.76291894]
 [  2.048119   135.5285642 ]
 [  2.15931345 136.27472323]
 [  2.28536616 136.9716135 ]
 [  2.40077254 137.69923808]
 [  2.58439023 138.37598184]
 [  2.76180614 139.06461583]
 [  2.97420683 139.74838194]
 [  3.18620233 140.40089685]
 [  3.41722291 141.09146982]
 [  3.69302632 141.79438179]
 [  3.99841626 142.43051105]
 [  4.32120284 143.09072388]
 [  4.62279739 143.68928684]
 [  5.00347872 144.34198003]
 [  5.3956318  144.93635716]
 [  5.78034904 145.50920261]
 [  6.14490402 146.12353586]
 [  6.59417228 146.68753245]
 [  7.02848716 147.2350059 ]
 [  7.49737101 147.75043539]
 [  7.95695261 148.32293022]
 [  8.4776728  148.81605725]
 [  8.96346619 149.32383299]
 [  9.50049074 149.80739655]
 [ 10.05788063 150.27739761]
 [ 10.5979448  150.76045702]
 [ 11.19270271 151.10651916]
 [ 11.71069967 151.51339027]
 [ 12.30268998 151.93434976]
 [ 12.90511593 152.27450601]
 [ 13.53023782 152.66371003]
 [ 14.15183022 152.98059991]
 [ 14.75804043 153.25004558]
 [ 15.36795659 153.56565166]
 [ 16.041967   153.84830701]
 [ 16.65822738 154.06617171]
 [ 17.32787012 154.32924934]
 [ 17.99718563 154.52450949]
 [ 18.69523204 154.69284979]
 [ 19.34465537 154.85011047]
 [ 20.00153841 155.04451676]
 [ 20.68841382 155.22342549]
 [ 21.38582401 155.25122527]
 [ 22.06889253 155.36601196]
 [ 22.76720342 155.38509897]
 [ 23.47007365 155.42549523]
 [ 24.14961111 155.42483359]
 [ 24.84291307 155.43046479]
 [ 25.51753359 155.41826404]
 [ 26.19667534 155.39687177]
 [ 26.88887983 155.27557892]
 [ 27.55682842 155.20275885]
 [ 28.25379966 155.18870718]
 [ 28.82426923 155.1327107 ]
 [ 29.44394263 155.15145093]
 [ 30.04232269 155.04420964]
 [ 30.54875258 155.0692894 ]
 [ 31.11948918 154.99727236]
 [ 31.63305383 154.91648048]
 [ 32.17656307 154.71644886]
 [ 32.73525628 154.57122767]
 [ 33.25005634 154.40613241]
 [ 33.72942588 154.23543711]
 [ 34.19037013 154.02425634]
 [ 34.70069198 153.76829124]
 [ 35.24246384 153.56243997]
 [ 35.81440965 153.31684509]
 [ 36.42489261 153.09745383]
 [ 37.01665006 152.82553271]
 [ 37.68707553 152.63953854]
 [ 38.34797645 152.38027336]
 [ 38.95131364 152.16068921]
 [ 39.66377345 151.82916687]
 [ 40.32879114 151.60767986]
 [ 40.93554931 151.352343  ]
 [ 41.57311748 151.05355362]
 [ 42.26075862 150.82272452]
 [ 42.9447527  150.48044873]
 [ 43.64641504 150.15352957]
 [ 44.37720671 149.86084156]
 [ 45.18656377 149.46354881]
 [ 45.98631495 149.12668532]
 [ 46.79020208 148.69972749]
 [ 47.60030996 148.25284622]
 [ 48.45969749 147.85719125]
 [ 49.30438104 147.44174788]
 [ 50.09689314 147.02618382]
 [ 50.98137987 146.59043062]
 [ 51.87382099 146.09554292]
 [ 52.83378574 145.69724226]
 [ 53.82385516 145.28378832]
 [ 54.87186983 144.93939466]
 [ 55.87007468 144.55293646]
 [ 56.91496589 144.21361725]
 [ 57.99221623 143.88479311]
 [ 59.08492479 143.50280897]
 [ 60.16977979 143.18788095]
 [ 61.22368562 142.86042282]
 [ 62.32629886 142.45271168]
 [ 63.4305007  142.01296379]
 [ 64.53227215 141.58613115]
 [ 65.72207186 141.19733757]
 [ 66.83241299 140.73023394]
 [ 68.0400168  140.23939114]
 [ 69.19709247 139.74014238]
 [ 70.42145619 139.24812735]
 [ 71.65331234 138.70171397]
 [ 72.93746038 138.1582021 ]
 [ 74.18071514 137.58997726]
 [ 75.42021205 137.00828881]
 [ 76.75026754 136.39874962]
 [ 78.11925629 135.73601908]
 [ 79.44115872 135.08682399]
 [ 80.83937247 134.4351489 ]
 [ 82.19065131 133.69891822]
 [ 83.63621407 132.99094604]
 [ 84.99731424 132.2909808 ]
 [ 86.48000027 131.48522677]
 [ 87.92996392 130.64985585]
 [ 89.36263218 129.87581848]
 [ 90.87124574 129.01976289]
 [ 92.40741749 128.15553798]
 [ 93.89751817 127.28326497]
 [ 95.51524718 126.36001226]
 [ 97.08696675 125.38419116]
 [ 98.61633861 124.41613398]
 [100.21506043 123.46129393]
 [101.83068059 122.45987076]
 [103.49487398 121.40648771]
 [105.14234918 120.34243255]
 [106.77512833 119.26870341]
 [108.45778675 118.19761932]
 [110.15359414 117.03655118]
 [111.85950597 115.95166707]
 [113.61486762 114.79767409]
 [115.30803458 113.62210782]
 [117.04728229 112.42260327]
 [118.8163133  111.19264359]
 [120.59411509 109.99139573]
 [122.41288555 108.76851892]
 [124.19737534 107.47280414]
 [126.01647041 106.16368613]
 [127.88303518 104.89389576]
 [129.70845354 103.55662125]
 [131.57948204 102.2052563 ]
 [133.54307437 100.82855632]
 [135.35918079  99.48261296]
 [137.31815699  98.09719507]
 [139.19065619  96.68382636]
 [141.17843403  95.26227217]]


Traiettoria 2: 


Misure della traiettoria:
 [[157.97521943  17.83479399]
 [157.94587365  18.75076511]
 [157.95118834  19.51936254]
 [157.94280264  20.36267223]
 [157.94295724  21.21712276]
 [157.89643233  22.03598839]
 [157.88990054  22.86746765]
 [157.8970968   23.71291846]
 [157.88975699  24.57394204]
 [157.9356458   25.36876443]
 [157.93720454  26.22035083]
 [157.98550271  27.08800597]
 [158.05344856  27.88933292]
 [158.07196756  28.68083409]
 [158.14457846  29.5257617 ]
 [158.12451528  30.37352403]
 [158.15813613  31.17454823]
 [158.17494655  31.99472628]
 [158.23223923  32.84594897]
 [158.21085991  33.65401259]
 [158.26591417  34.4918272 ]
 [158.21407727  35.32551741]
 [158.17624395  36.15135172]
 [158.08533612  36.98873506]
 [158.05725884  37.78731917]
 [158.04787807  38.62173701]
 [158.00592678  39.48321036]
 [157.99295045  40.29426582]
 [157.99901212  41.12196248]
 [157.99961265  41.89591489]
 [158.03526145  42.68648832]
 [158.05310015  43.48391998]
 [158.11890578  44.27411445]
 [158.17520223  45.08560872]
 [158.21293998  45.94049577]
 [158.2744092   46.75086995]
 [158.30361017  47.62538591]
 [158.3381291   48.43645724]
 [158.42769732  49.29581319]
 [158.50656475  50.18139798]
 [158.49594237  50.90829332]
 [158.57280873  51.69916244]
 [158.63897343  52.43974153]
 [158.67006159  53.20067016]
 [158.69340201  53.9104521 ]
 [158.74752638  54.71582796]
 [158.77141853  55.44214375]
 [158.79746568  56.26395943]
 [158.77956671  56.93764565]
 [158.78563539  57.66537341]
 [158.75312526  58.44396941]
 [158.79945188  59.14993657]
 [158.8517215   59.91209353]
 [158.87088667  60.67849441]
 [158.99561737  61.41007474]
 [159.0483249   62.12293276]
 [159.19744596  62.89383962]
 [159.31245275  63.61281253]
 [159.4847933   64.33068122]
 [159.71336266  65.01383851]
 [159.92082902  65.76980089]
 [160.203943    66.45231242]
 [160.42915997  67.10516045]
 [160.70515199  67.82024956]
 [160.9865413   68.48609951]
 [161.33145931  69.15913258]
 [161.66170082  69.79171957]
 [162.03216584  70.45204318]
 [162.42285228  71.08648567]
 [162.82160023  71.68543072]
 [163.28852421  72.32952467]
 [163.72239     72.93472313]
 [164.20190324  73.48289131]
 [164.69362681  74.05254331]
 [165.18865508  74.62461501]
 [165.7082636   75.16183087]
 [166.27123291  75.67208381]
 [166.7886574   76.17513155]
 [167.37804493  76.64282756]
 [167.98452728  77.09574384]
 [168.58449449  77.5139883 ]
 [169.19703828  77.96807464]
 [169.82596819  78.40973334]
 [170.44414766  78.75033318]
 [171.16814908  79.17147039]
 [171.79391984  79.45314639]
 [172.49804559  79.80171515]
 [173.20752762  80.10452203]
 [173.91357809  80.34605139]
 [174.60100277  80.63326298]
 [175.32846158  80.84392274]
 [176.04366775  81.09015719]
 [176.80666724  81.24757964]
 [177.48572168  81.44425015]
 [178.24388768  81.55913386]
 [178.99882018  81.66511014]
 [179.74451326  81.76372822]
 [180.51825183  81.75227012]
 [181.29931381  81.85119412]
 [182.03498617  81.83624894]
 [182.80261082  81.85672751]
 [183.53476094  81.83369083]
 [184.32687563  81.8193705 ]
 [185.04004926  81.87525771]
 [185.80255861  81.81983121]
 [186.51074454  81.82805967]
 [187.21490583  81.7469886 ]
 [187.89981417  81.65845413]
 [188.59373584  81.5764602 ]
 [189.29987368  81.40894958]
 [190.046449    81.26057412]
 [190.79984097  81.07890597]
 [191.50856955  80.94380797]
 [192.25820011  80.75102536]
 [193.06692138  80.61500044]
 [193.88976106  80.52138637]
 [194.7158552   80.40756676]
 [195.55012748  80.30218618]
 [196.44602825  80.22563833]
 [197.22301632  80.09571811]
 [198.13460998  79.97468061]
 [198.96943107  79.85283858]
 [199.66916122  79.68893828]
 [200.41472438  79.56112634]
 [201.14319226  79.36792915]
 [201.90442935  79.20946988]
 [202.6565878   79.00838584]
 [203.41102824  78.81715905]
 [204.10830538  78.58474766]
 [204.88267773  78.35159496]
 [205.6693679   78.08489176]
 [206.41780423  77.75017177]
 [207.23323276  77.46013517]
 [208.01449546  77.14675777]
 [208.77799472  76.83879231]
 [209.4751218   76.55058385]
 [210.2202492   76.22419688]
 [210.91061442  75.98856999]
 [211.59981659  75.69412849]
 [212.23536524  75.43864648]
 [212.86853652  75.20243895]
 [213.56274583  75.02130727]
 [214.17950897  74.7963806 ]
 [214.87512254  74.63946691]
 [215.45440269  74.40466295]
 [216.10091159  74.19802601]
 [216.76874141  73.96699741]
 [217.49758093  73.76317648]
 [218.12340677  73.51331293]
 [218.84018129  73.29158109]
 [219.62704661  73.02833292]
 [220.35254996  72.82072208]
 [221.13313199  72.5906116 ]
 [221.93036247  72.37598794]
 [222.78147766  72.20385732]
 [223.66835918  72.07523626]
 [224.47861126  71.96000944]
 [225.39602942  71.82158587]
 [226.33446969  71.71496916]
 [227.22841248  71.61000226]
 [228.24694917  71.49716757]
 [229.24384916  71.44385628]
 [230.28248866  71.38197042]
 [231.32547403  71.34009516]
 [232.40906577  71.31357188]
 [233.53945055  71.29768149]
 [234.68365573  71.265769  ]
 [235.80117406  71.2841583 ]
 [237.03392633  71.28204948]
 [238.1769048   71.32374504]
 [239.48609572  71.40337415]
 [240.71708569  71.4703708 ]
 [242.04125405  71.50769107]
 [243.3237011   71.62045418]
 [244.71500864  71.74105727]
 [246.04930797  71.87065418]
 [247.41391383  72.02781629]
 [248.85805029  72.22227569]
 [250.30728624  72.38190964]
 [251.72126479  72.53993462]
 [253.23013539  72.77391363]
 [254.71234132  72.97327667]
 [256.20032429  73.20979462]
 [257.73147934  73.43847187]
 [259.30996708  73.69966125]
 [260.85699234  73.93518989]
 [262.41968582  74.20337673]
 [264.06451352  74.49293468]
 [265.67118786  74.7740304 ]
 [267.32986805  75.06347276]
 [268.99034848  75.41771372]
 [270.71201844  75.73676378]
 [272.41440118  76.07291446]
 [274.12475875  76.43526384]
 [275.83405111  76.82905951]
 [277.58047234  77.17278365]
 [279.36572179  77.58141741]
 [281.23957399  78.00297203]
 [283.06642393  78.39775851]
 [284.94833834  78.8971667 ]]


Traiettoria 3: 


Misure della traiettoria:
 [[ 29.80244152  68.7763076 ]
 [ 29.78231909  69.15378019]
 [ 29.78709304  69.55237741]
 [ 29.81291251  69.93073813]
 [ 29.73634599  70.3018918 ]
 [ 29.74823605  70.6843477 ]
 [ 29.70583675  71.07319183]
 [ 29.6931832   71.46690366]
 [ 29.68165572  71.81069624]
 [ 29.65183928  72.17602443]
 [ 29.66037349  72.50470844]
 [ 29.64968017  72.86736919]
 [ 29.64710643  73.23848691]
 [ 29.6510228   73.5893606 ]
 [ 29.68913961  73.91713868]
 [ 29.69125047  74.21715809]
 [ 29.74202091  74.55680483]
 [ 29.78306764  74.93222475]
 [ 29.77809182  75.27936849]
 [ 29.75800726  75.65495077]
 [ 29.81171552  75.92430612]
 [ 29.7941793   76.31622198]
 [ 29.84152799  76.62947517]
 [ 29.8644054   76.96951069]
 [ 29.82536822  77.31632544]
 [ 29.90347194  77.67966974]
 [ 29.9162278   78.05487543]
 [ 29.91696509  78.38642011]
 [ 29.87639026  78.72078975]
 [ 29.94893612  79.10324887]
 [ 29.94309568  79.47564739]
 [ 29.98381845  79.85952374]
 [ 29.99422761  80.21138385]
 [ 29.99547159  80.60315218]
 [ 30.01606182  80.95072075]
 [ 29.97704124  81.27158739]
 [ 29.97524337  81.63884221]
 [ 29.95383911  82.01513367]
 [ 29.88754381  82.37337442]
 [ 29.93872888  82.7795643 ]
 [ 29.89070365  83.07005747]
 [ 29.88286387  83.39758511]
 [ 29.8147629   83.79202841]
 [ 29.81308531  84.11842142]
 [ 29.79993741  84.44074225]
 [ 29.77511307  84.78178463]
 [ 29.7830744   85.10154137]
 [ 29.75102007  85.41271727]
 [ 29.73692404  85.75971478]
 [ 29.72505489  86.08641721]
 [ 29.73718602  86.43683611]
 [ 29.77669387  86.77435785]
 [ 29.79952907  87.06293735]
 [ 29.86659678  87.44667344]
 [ 29.87631696  87.76544754]
 [ 29.94669922  88.06834206]
 [ 30.04174874  88.41743075]
 [ 30.05677581  88.73683987]
 [ 30.17464201  89.07717149]
 [ 30.26543706  89.3509091 ]
 [ 30.43556155  89.68094791]
 [ 30.53396488  90.03879364]
 [ 30.67471803  90.31950075]
 [ 30.80121396  90.60932083]
 [ 30.98376448  90.91883457]
 [ 31.10538598  91.20831422]
 [ 31.34707615  91.49326882]
 [ 31.49919112  91.74180324]
 [ 31.67278855  92.03451818]
 [ 31.89413065  92.28220021]
 [ 32.08717239  92.49223607]
 [ 32.32467692  92.78110994]
 [ 32.5871503   92.96778807]
 [ 32.72795027  93.20054508]
 [ 32.99419938  93.47846265]
 [ 33.2288211   93.66229193]
 [ 33.48647335  93.88005806]
 [ 33.74114955  94.09066691]
 [ 33.95843025  94.30169349]
 [ 34.22392106  94.46472034]
 [ 34.53852332  94.68729   ]
 [ 34.79436612  94.85670325]
 [ 35.05850409  94.95757419]
 [ 35.36058862  95.161255  ]
 [ 35.66364893  95.31635823]
 [ 35.96967267  95.46089736]
 [ 36.19027912  95.63179476]
 [ 36.49937452  95.74948224]
 [ 36.79904461  95.86665835]
 [ 37.12771719  95.96191507]
 [ 37.3842949   96.07293279]
 [ 37.69623865  96.15207291]
 [ 38.03740216  96.24785356]
 [ 38.34736524  96.29720703]
 [ 38.69696129  96.31102763]
 [ 39.03915332  96.38572977]
 [ 39.32385081  96.40394658]
 [ 39.65760696  96.42719859]
 [ 40.04838171  96.46223452]
 [ 40.35355288  96.44654023]
 [ 40.68943079  96.46095175]
 [ 41.00906044  96.43003143]
 [ 41.36315232  96.36054331]
 [ 41.70690316  96.37874806]
 [ 42.06217149  96.39260208]
 [ 42.45284973  96.37623423]
 [ 42.86943176  96.37701166]
 [ 43.18910012  96.34055379]
 [ 43.50987324  96.34259808]
 [ 43.81144989  96.39279504]
 [ 44.14928704  96.45077021]
 [ 44.47588509  96.42913708]
 [ 44.77708784  96.44283231]
 [ 45.10531972  96.45142564]
 [ 45.40838651  96.46172924]
 [ 45.70102689  96.46187449]
 [ 46.1057254   96.47191947]
 [ 46.44975809  96.39264239]
 [ 46.8322298   96.36248426]
 [ 47.15653356  96.26478545]
 [ 47.55447136  96.15705548]
 [ 47.89077512  96.0918942 ]
 [ 48.31053283  96.02688989]
 [ 48.68898885  95.97691112]
 [ 49.08210536  95.90594832]
 [ 49.46845851  95.78966239]
 [ 49.92270855  95.7603396 ]
 [ 50.38492611  95.67648655]
 [ 50.80227526  95.60671727]
 [ 51.21346723  95.49785972]
 [ 51.67806043  95.36879788]
 [ 52.06917171  95.29437416]
 [ 52.54423757  95.1595698 ]
 [ 52.99543412  95.09032815]
 [ 53.47470594  94.97472877]
 [ 53.8893361   94.91507811]
 [ 54.42635994  94.80229126]
 [ 54.90055596  94.70446336]
 [ 55.43759521  94.66549029]
 [ 55.97040652  94.58435974]
 [ 56.54546648  94.48558121]
 [ 57.02413347  94.42805131]
 [ 57.59831585  94.35694165]
 [ 58.15928389  94.28829139]
 [ 58.64566445  94.20490458]
 [ 59.27245495  94.064232  ]
 [ 59.80922267  93.97252869]
 [ 60.36030012  93.91252538]
 [ 60.87644208  93.84970903]
 [ 61.42803013  93.83228653]
 [ 61.97047149  93.76542897]
 [ 62.51988246  93.77946962]
 [ 63.14486984  93.74123543]
 [ 63.72381206  93.73403045]
 [ 64.37491393  93.688827  ]
 [ 64.99746318  93.6794661 ]
 [ 65.67148182  93.60497535]
 [ 66.39952226  93.58880398]
 [ 67.1112707   93.54249657]
 [ 67.79689763  93.47687727]
 [ 68.54274637  93.46727505]
 [ 69.34014427  93.39840312]
 [ 70.13188591  93.37445757]
 [ 70.91435977  93.30272307]
 [ 71.75695451  93.273132  ]
 [ 72.55568149  93.23568621]
 [ 73.40793176  93.17967088]
 [ 74.29714612  93.13544204]
 [ 75.18764869  93.06578743]
 [ 76.07505288  93.01538933]
 [ 77.00892066  92.93217441]
 [ 77.90250607  92.90527706]
 [ 78.87443241  92.8470949 ]
 [ 79.84861084  92.79622462]
 [ 80.8389927   92.74562898]
 [ 81.81742477  92.68905718]
 [ 82.85271194  92.62942255]
 [ 83.85325993  92.58877667]
 [ 84.92462942  92.56147796]
 [ 86.0291631   92.4864431 ]
 [ 87.10001083  92.46348678]
 [ 88.18186     92.48224684]
 [ 89.29028578  92.41333081]
 [ 90.44269952  92.35970141]
 [ 91.55883278  92.34444343]
 [ 92.72927055  92.28669353]
 [ 93.93462194  92.29228212]
 [ 95.06731652  92.24579354]
 [ 96.31186279  92.2157997 ]
 [ 97.56607815  92.18227525]
 [ 98.79128782  92.18414737]
 [100.03163977  92.13538092]
 [101.23237943  92.13670284]
 [102.56215333  92.09360372]
 [103.83090807  92.08747675]
 [105.12657616  92.09951586]
 [106.48540968  92.07984456]
 [107.78208963  92.06897721]
 [109.12382456  92.04370468]
 [110.49227959  92.05017215]]


Traiettoria 4: 


Misure della traiettoria:
 [[163.57212089  40.66488242]
 [163.56466409  40.92610589]
 [163.51709848  41.31312777]
 [163.52463205  41.49255598]
 [163.45137476  41.76374418]
 [163.42379201  42.04612663]
 [163.3700816   42.30585391]
 [163.33569912  42.55143942]
 [163.33503482  42.86361131]
 [163.31974302  43.16754996]
 [163.28564146  43.43407088]
 [163.2728961   43.7037666 ]
 [163.20538384  44.03307377]
 [163.17184724  44.30935034]
 [163.14291816  44.56858841]
 [163.09104062  44.92604872]
 [163.12402204  45.32665697]
 [163.14912547  45.63346621]
 [163.16939812  45.97859705]
 [163.24418963  46.34671067]
 [163.38407102  46.71821466]
 [163.39888236  47.20648115]
 [163.53562798  47.64572626]
 [163.60731465  48.02530903]
 [163.68375454  48.51716875]
 [163.80520252  48.94634828]
 [163.8140862   49.40471279]
 [163.89814849  49.9279012 ]
 [163.94313958  50.49621152]
 [164.06134894  51.11323632]
 [164.18223752  51.73493408]
 [164.29885846  52.31089952]
 [164.35643314  52.96592432]
 [164.52187509  53.6773231 ]
 [164.66596164  54.3726887 ]
 [164.83444802  54.97374494]
 [164.9574246   55.53783798]
 [165.18587438  56.18451342]
 [165.44205886  56.84346659]
 [165.66807435  57.47008733]
 [165.94208014  58.05076513]
 [166.18636172  58.66829047]
 [166.46765787  59.25598902]
 [166.72855974  59.78323977]
 [167.02722744  60.36948515]
 [167.33398344  60.89878259]
 [167.53458559  61.4957498 ]
 [167.85675661  62.05528834]
 [168.17266858  62.61758234]
 [168.43197418  63.24635714]
 [168.67024889  63.83113553]
 [168.8635615   64.4687736 ]
 [169.1215228   65.10323149]
 [169.37671648  65.6990006 ]
 [169.6737028   66.30132931]
 [169.96085059  66.86629222]
 [170.27237822  67.43115332]
 [170.61639707  68.02118004]
 [170.97262058  68.57536094]
 [171.35713006  69.15439556]
 [171.72169286  69.69582632]
 [172.13918611  70.2119403 ]
 [172.51660998  70.7572456 ]
 [172.95158569  71.28008729]
 [173.39623562  71.77271112]
 [173.83347094  72.27069558]
 [174.30018181  72.69769494]
 [174.8668418   73.1422526 ]
 [175.31214942  73.6085465 ]
 [175.85241664  74.03010414]
 [176.41408922  74.45255005]
 [176.95447532  74.85442215]
 [177.51424431  75.23111283]
 [178.11676114  75.5385565 ]
 [178.68635515  75.9314845 ]
 [179.318636    76.26393491]
 [179.89129651  76.5599634 ]
 [180.57895497  76.78599776]
 [181.21528435  77.10446082]
 [181.82309287  77.31499619]
 [182.48687358  77.58514196]
 [183.14929065  77.73296098]
 [183.78397628  77.92688888]
 [184.49222489  78.07991876]
 [185.16371328  78.19745169]
 [185.85906406  78.32941076]
 [186.5182624   78.45933232]
 [187.21874097  78.49390101]
 [187.94547416  78.56693288]
 [188.61057418  78.58609432]
 [189.34563957  78.64965361]
 [190.01121118  78.67847246]
 [190.78345925  78.61479638]
 [191.48643056  78.54204087]
 [192.14278036  78.47855184]
 [192.88157373  78.4048967 ]
 [193.52124393  78.25524504]
 [194.24167998  78.12224607]
 [194.9557617   77.94453592]
 [195.63535162  77.8066669 ]
 [196.25976329  77.6010177 ]
 [196.92424507  77.34920757]
 [197.53262466  77.15555727]
 [198.08674154  76.89445326]
 [198.70838848  76.63082491]
 [199.29776859  76.36855389]
 [199.92076726  76.1881954 ]
 [200.50484106  75.99472112]
 [201.14920668  75.83597932]
 [201.78466341  75.58654785]
 [202.46230575  75.35825565]
 [202.98329806  75.05356076]
 [203.56298601  74.71555631]
 [204.06652096  74.44223758]
 [204.55658713  74.27128183]
 [205.02765235  74.02513731]
 [205.52078208  73.72600809]
 [205.96214882  73.43518233]
 [206.43952214  73.14534565]
 [206.94832301  72.8959699 ]
 [207.36835429  72.65772707]
 [207.78265463  72.46170811]
 [208.1496728   72.26249611]
 [208.55747031  72.03368545]
 [209.03538219  71.8371379 ]
 [209.53434554  71.63933428]
 [209.88898737  71.4412238 ]
 [210.28366313  71.27633239]
 [210.60316571  71.10541132]
 [210.91437713  70.98595432]
 [211.28639074  70.89086748]
 [211.5604503   70.72374424]
 [211.91656486  70.55076381]
 [212.27218412  70.48197563]
 [212.64526673  70.3359425 ]
 [212.97202233  70.2280096 ]
 [213.2772536   70.11677817]
 [213.59030906  69.92885656]
 [213.90047148  69.81884162]
 [214.24070005  69.73272448]
 [214.53703469  69.62830479]
 [214.92927464  69.5349645 ]
 [215.37169043  69.45823029]
 [215.75786015  69.41193824]
 [216.13447885  69.3040435 ]
 [216.57091878  69.25571487]
 [216.98475009  69.20829117]
 [217.46695438  69.07558602]
 [218.02181993  69.01546035]
 [218.54449537  68.87830472]
 [219.13330546  68.76761506]
 [219.68957757  68.66963171]
 [220.30282736  68.64440142]
 [220.96656521  68.63229236]
 [221.62665066  68.62591666]
 [222.24045489  68.69444154]
 [222.90365866  68.74478693]
 [223.63116557  68.84213635]
 [224.33706216  68.98258829]
 [225.06204573  69.09466284]
 [225.80154276  69.29894988]
 [226.56563348  69.51451218]
 [227.37806748  69.79759283]
 [228.20614549  70.02795384]
 [229.00193838  70.31758972]
 [229.87023851  70.65006804]
 [230.75346283  71.0211132 ]
 [231.66888219  71.44530733]
 [232.5962148   71.86914662]
 [233.53168927  72.31682169]
 [234.54625757  72.8314691 ]
 [235.54150611  73.30579435]
 [236.56612937  73.79960577]
 [237.63373742  74.37122221]
 [238.75139573  74.92921926]
 [239.87851986  75.53542461]
 [240.98566794  76.16789176]
 [242.22435852  76.75602186]
 [243.39824961  77.32927286]
 [244.67935439  77.994299  ]
 [245.93532145  78.63396162]
 [247.24841376  79.30067031]
 [248.5411586   80.02186788]
 [249.96266888  80.67944897]
 [251.34787799  81.32070726]
 [252.78594477  82.05769566]
 [254.24123206  82.76734615]
 [255.77659854  83.4734949 ]
 [257.26702763  84.15921871]
 [258.83372779  84.93601635]
 [260.4016988   85.6178524 ]
 [262.0605553   86.37525462]
 [263.72423629  87.12330646]
 [265.46057613  87.85543447]
 [267.19810449  88.59760037]
 [268.94764567  89.36276178]
 [270.77575725  90.0941196 ]
 [272.64505974  90.81697783]
 [274.57267464  91.57542847]
 [276.44922567  92.29091346]]


Traiettoria 5: 


Misure della traiettoria:
 [[ 40.95064057 180.91825575]
 [ 40.98072132 180.93068035]
 [ 40.99406772 180.9721967 ]
 [ 41.08745638 180.94957889]
 [ 41.12978164 181.00945783]
 [ 41.16954438 181.00900512]
 [ 41.27131883 181.03014248]
 [ 41.42131827 181.03240006]
 [ 41.48348193 181.05711181]
 [ 41.63674499 181.04131898]
 [ 41.72720909 181.043261  ]
 [ 41.87677375 180.97425236]
 [ 41.95385787 180.85278922]
 [ 42.0883569  180.7182742 ]
 [ 42.21753136 180.71385342]
 [ 42.33547106 180.59257578]
 [ 42.46289207 180.52060952]
 [ 42.59744312 180.50514888]
 [ 42.74626281 180.45223073]
 [ 42.84692585 180.3851332 ]
 [ 42.9469607  180.32842873]
 [ 43.00241952 180.24536296]
 [ 43.15982182 180.23875911]
 [ 43.2440726  180.22392529]
 [ 43.38594347 180.26093736]
 [ 43.45025498 180.24375781]
 [ 43.54288697 180.21844837]
 [ 43.68876842 180.19409231]
 [ 43.88917112 180.13014906]
 [ 44.00295053 180.07605126]
 [ 44.20544458 179.97446105]
 [ 44.35773099 179.86009839]
 [ 44.47716726 179.74115284]
 [ 44.62040066 179.49510939]
 [ 44.71965729 179.27901179]
 [ 44.82358391 179.10034534]
 [ 44.91312174 178.91484175]
 [ 44.97830821 178.67678553]
 [ 45.11413    178.49011471]
 [ 45.19967254 178.3158143 ]
 [ 45.33823374 178.09088928]
 [ 45.43443201 177.92284586]
 [ 45.58337623 177.6663598 ]
 [ 45.65963773 177.4223548 ]
 [ 45.72518974 177.2279044 ]
 [ 45.81774204 177.05168654]
 [ 45.92600204 176.81022245]
 [ 46.02120127 176.59585208]
 [ 46.04110142 176.29369838]
 [ 46.09350041 176.0405825 ]
 [ 46.13046539 175.77262296]
 [ 46.13903342 175.55025139]
 [ 46.18473905 175.33204702]
 [ 46.21258259 175.09302563]
 [ 46.19291042 174.86102889]
 [ 46.1772152  174.59523451]
 [ 46.19726263 174.3258613 ]
 [ 46.18355692 174.11288756]
 [ 46.16370786 173.87697128]
 [ 46.14101858 173.65753344]
 [ 46.10852267 173.41372225]
 [ 46.11005363 173.19253727]
 [ 46.05156339 172.92978429]
 [ 46.00548833 172.72667003]
 [ 45.8976992  172.50255772]
 [ 45.85774852 172.24918854]
 [ 45.81110013 172.038691  ]
 [ 45.72193302 171.81758421]
 [ 45.63622641 171.56983043]
 [ 45.61261996 171.40036757]
 [ 45.49827225 171.15163333]
 [ 45.36693894 170.91878092]
 [ 45.25721882 170.73020247]
 [ 45.22028264 170.50465108]
 [ 45.06249452 170.29656152]
 [ 44.94992647 170.07722002]
 [ 44.85955218 169.90970199]
 [ 44.74718623 169.68783264]
 [ 44.58625736 169.50041583]
 [ 44.38416125 169.30197061]
 [ 44.26830713 169.11020554]
 [ 44.08374223 168.89409156]
 [ 43.92911588 168.73911791]
 [ 43.7681407  168.57026358]
 [ 43.58163644 168.37171642]
 [ 43.41897424 168.24071835]
 [ 43.2242522  168.09011184]
 [ 43.02169138 167.91745337]
 [ 42.85258955 167.79690297]
 [ 42.64216059 167.61433899]
 [ 42.40474719 167.53233531]
 [ 42.23714027 167.42658629]
 [ 41.9888751  167.34560227]
 [ 41.76590455 167.26670904]
 [ 41.5487768  167.12517844]
 [ 41.33334367 167.00864766]
 [ 41.13692489 166.97205195]
 [ 40.89455862 166.85542754]
 [ 40.65511191 166.84014268]
 [ 40.43458991 166.79900502]
 [ 40.13862779 166.710634  ]
 [ 39.94755292 166.67094531]
 [ 39.71619164 166.52846237]
 [ 39.456327   166.4410397 ]
 [ 39.23409178 166.42557339]
 [ 38.90441436 166.38151342]
 [ 38.6227769  166.35888925]
 [ 38.31204231 166.33901391]
 [ 38.06985545 166.38952712]
 [ 37.67616555 166.38431738]
 [ 37.34029988 166.53718287]
 [ 36.99027892 166.59707999]
 [ 36.54961225 166.7347073 ]
 [ 36.15922541 166.77592575]
 [ 35.83304553 166.85252971]
 [ 35.46943749 166.93987108]
 [ 35.23136871 167.00119966]
 [ 34.90838832 167.01810261]
 [ 34.59083555 167.07584137]
 [ 34.2448823  167.1292386 ]
 [ 33.81498343 167.18601771]
 [ 33.40903638 167.35942298]
 [ 33.10598737 167.47671538]
 [ 32.74227333 167.67097328]
 [ 32.43768621 167.81017847]
 [ 32.11707374 167.91553434]
 [ 31.86457987 168.06508429]
 [ 31.58027868 168.14022766]
 [ 31.28674454 168.28954372]
 [ 30.97757401 168.42503366]
 [ 30.69168747 168.58572836]
 [ 30.46671507 168.67566856]
 [ 30.29764893 168.75827075]
 [ 30.04265284 168.79590332]
 [ 29.8694039  168.82764941]
 [ 29.67164841 168.8575668 ]
 [ 29.47534204 168.90646628]
 [ 29.26465985 168.91274593]
 [ 28.99511424 168.93972694]
 [ 28.64659454 168.87311553]
 [ 28.40405116 168.84401318]
 [ 28.04331882 168.83734283]
 [ 27.68507707 168.82792265]
 [ 27.2867035  168.80827678]
 [ 26.88846033 168.79154662]
 [ 26.429737   168.87505993]
 [ 25.97247031 168.87081773]
 [ 25.43401045 168.93064052]
 [ 24.87919093 168.94637463]
 [ 24.31492805 169.01919201]
 [ 23.71868677 169.062537  ]
 [ 23.19872114 169.18338977]
 [ 22.61562375 169.15783414]
 [ 22.09619506 169.16397651]
 [ 21.56163647 169.23095354]
 [ 21.11218529 169.19064838]
 [ 20.62692645 169.17892297]
 [ 20.19948388 169.1477882 ]
 [ 19.8367466  169.06795288]
 [ 19.42392907 169.02867246]
 [ 19.08556715 168.89814841]
 [ 18.80727097 168.84813228]
 [ 18.50179539 168.72870999]
 [ 18.28370543 168.59289874]
 [ 18.05508831 168.46575121]
 [ 17.87669097 168.38723768]
 [ 17.76195346 168.22792865]
 [ 17.63274258 168.13429314]
 [ 17.51958635 167.97275997]
 [ 17.48150553 167.8450503 ]
 [ 17.41340969 167.73353627]
 [ 17.40586158 167.66602053]
 [ 17.43040361 167.54071062]
 [ 17.51516778 167.45480801]
 [ 17.53311458 167.37028611]
 [ 17.62812954 167.31932158]
 [ 17.79851571 167.22910482]
 [ 17.97351711 167.18358123]
 [ 18.18806199 167.16991782]
 [ 18.45694175 167.14138912]
 [ 18.76550064 167.18562417]
 [ 19.05480151 167.24498579]
 [ 19.43425853 167.27800319]
 [ 19.83187035 167.34300348]
 [ 20.34317181 167.45480898]
 [ 20.77844268 167.49531948]
 [ 21.32441311 167.57154758]
 [ 21.87168158 167.70643682]
 [ 22.50776229 167.76859521]
 [ 23.21092192 167.91452184]
 [ 23.93091341 168.07792717]
 [ 24.67954689 168.15688545]
 [ 25.53495183 168.36806175]
 [ 26.45321644 168.48368439]
 [ 27.35586718 168.6675098 ]
 [ 28.37616368 168.81028133]
 [ 29.4194133  169.01604431]
 [ 30.51729417 169.25146302]
 [ 31.66522508 169.47244651]
 [ 32.84380875 169.67529971]]


Traiettoria 6: 


Misure della traiettoria:
 [[120.89236622 175.55102573]
 [120.88920607 176.18885393]
 [120.91911684 176.82031473]
 [120.91676926 177.44843701]
 [120.88405812 178.15344891]
 [120.86603682 178.78121319]
 [120.8654339  179.36728731]
 [120.89794362 180.0300734 ]
 [120.90099559 180.64137427]
 [120.95114298 181.28530025]
 [120.84222373 181.93809555]
 [120.87205676 182.63088082]
 [120.89701906 183.29424799]
 [120.86936511 183.94546067]
 [120.90084415 184.64193737]
 [120.89093769 185.23872883]
 [120.95737876 185.9510798 ]
 [120.9134063  186.60285578]
 [120.93936409 187.26745445]
 [120.96409771 187.9346913 ]
 [120.97750073 188.60128732]
 [120.94229526 189.23051894]
 [121.04615391 189.853632  ]
 [121.00485784 190.52524873]
 [121.02804554 191.19895955]
 [121.02426558 191.86350228]
 [121.04516325 192.57885854]
 [121.04776123 193.20539702]
 [121.03612152 193.87286684]
 [121.06110512 194.55259475]
 [121.06087301 195.23387644]
 [121.05447159 195.83546751]
 [121.08381435 196.49108709]
 [121.05440919 197.07241134]
 [121.06221106 197.70642714]
 [121.03378245 198.31911328]
 [121.05535804 198.96510079]
 [121.00822479 199.5564337 ]
 [120.98974843 200.1883835 ]
 [120.96173122 200.77788041]
 [120.90810593 201.38562589]
 [120.87452631 201.94623121]
 [120.80767535 202.58109374]
 [120.71850368 203.18126113]
 [120.59776752 203.76394339]
 [120.55938234 204.43236631]
 [120.56687391 205.04317158]
 [120.43536015 205.66219982]
 [120.31074302 206.31116791]
 [120.2655928  206.94406845]
 [120.16358671 207.6143903 ]
 [120.0985231  208.29478519]
 [120.01413727 208.95751637]
 [120.00402834 209.65366498]
 [119.93352335 210.27019026]
 [119.9683768  210.9633302 ]
 [119.95727153 211.60419908]
 [120.03768849 212.27801763]
 [120.08926346 212.94929543]
 [120.14785285 213.64711303]
 [120.30753276 214.31906891]
 [120.41121585 214.93657642]
 [120.58820489 215.63462595]
 [120.73196997 216.26113386]
 [120.91863046 216.90066352]
 [121.07127442 217.5677126 ]
 [121.331678   218.18875593]
 [121.54775476 218.83502868]
 [121.84881687 219.4729651 ]
 [122.1061125  220.04885554]
 [122.37498984 220.63143794]
 [122.73990226 221.21564227]
 [123.05437918 221.82360807]
 [123.4716799  222.37549891]
 [123.83020427 222.93070646]
 [124.210428   223.47636243]
 [124.59701332 224.02115351]
 [125.05492167 224.53390939]
 [125.49009998 225.03850096]
 [125.92192371 225.54800446]
 [126.42946549 226.03220308]
 [126.88620514 226.50676363]
 [127.4123217  226.91273049]
 [127.95929645 227.33184334]
 [128.45857803 227.75723503]
 [129.02703149 228.11353727]
 [129.59434094 228.48826354]
 [130.18037597 228.857686  ]
 [130.71649561 229.16312869]
 [131.37546737 229.50121235]
 [131.9393476  229.76470568]
 [132.53074636 230.10356799]
 [133.16179321 230.33872872]
 [133.82290548 230.56008604]
 [134.41131819 230.78032755]
 [135.07258113 230.99457963]
 [135.75156208 231.14027903]
 [136.33824266 231.30050351]
 [136.9955177  231.47247992]
 [137.63719392 231.59252723]
 [138.35191601 231.68080789]
 [138.96987633 231.80443868]
 [139.64519559 231.9618458 ]
 [140.34193479 232.14407363]
 [141.01849752 232.24843159]
 [141.72647009 232.43262364]
 [142.47969621 232.54353112]
 [143.13563032 232.68645133]
 [143.78501053 232.85351965]
 [144.43972844 233.0344863 ]
 [144.97436389 233.12718589]
 [145.61329243 233.2561854 ]
 [146.14222226 233.34975972]
 [146.68593865 233.44123735]
 [147.20230356 233.51627653]
 [147.71005143 233.53404374]
 [148.24842354 233.5856926 ]
 [148.68802043 233.64210453]
 [149.15895179 233.62072153]
 [149.64050586 233.63020161]
 [150.10547826 233.65102804]
 [150.46444426 233.62880765]
 [150.76951554 233.64885652]
 [151.02054375 233.60596591]
 [151.35545897 233.52133531]
 [151.61141741 233.45587018]
 [151.86446123 233.39508675]
 [152.09998247 233.30762235]
 [152.31956551 233.19846505]
 [152.49198472 233.11646828]
 [152.67831014 233.03765302]
 [152.87779571 232.98267629]
 [153.05953452 232.88536802]
 [153.27533487 232.79393597]
 [153.52727238 232.80499609]
 [153.85145021 232.7779932 ]
 [154.12929398 232.78266852]
 [154.51179724 232.7612355 ]
 [154.78114319 232.80687162]
 [155.11690556 232.78706625]
 [155.48578647 232.80314785]
 [155.89344326 232.82723229]
 [156.24249023 232.8157152 ]
 [156.61552563 232.82817046]
 [157.00878945 232.76632779]
 [157.31209844 232.78266448]
 [157.68720376 232.72721012]
 [158.08098727 232.83464942]
 [158.47023137 232.94078229]
 [158.77391468 232.95972246]
 [159.13473889 233.07239524]
 [159.44495487 233.15878178]
 [159.81961854 233.27184959]
 [160.2096898  233.41666323]
 [160.61636348 233.58737727]
 [161.02360019 233.7689692 ]
 [161.4729178  233.99223152]
 [161.93016352 234.22022409]
 [162.4268791  234.52586744]
 [162.91638192 234.80684711]
 [163.41843288 235.1395395 ]
 [163.97344585 235.47422272]
 [164.50149064 235.86752731]
 [165.11487053 236.27039455]
 [165.68723636 236.71050468]
 [166.316412   237.19064663]
 [166.94128092 237.68810163]
 [167.60497267 238.28939574]
 [168.28717923 238.83340597]
 [168.97130875 239.39043736]
 [169.72100025 240.03953799]
 [170.42818243 240.63209318]
 [171.14282638 241.36568259]
 [171.9297497  242.05993681]
 [172.6617847  242.81253836]
 [173.51014796 243.55552818]
 [174.31975607 244.35278428]
 [175.13905315 245.15678138]
 [175.98531384 245.9846466 ]
 [176.85816261 246.88690558]
 [177.70919561 247.72860569]
 [178.62408541 248.68061404]
 [179.49484933 249.63880165]
 [180.4354132  250.55295805]
 [181.38577245 251.60864071]
 [182.36364718 252.6088891 ]
 [183.32896215 253.61979683]
 [184.39331506 254.72296343]
 [185.38708753 255.81729001]
 [186.45616316 256.92646792]
 [187.48139994 258.06275255]
 [188.59817471 259.22512568]
 [189.71827492 260.37996718]
 [190.82960006 261.59547901]
 [191.99827215 262.84743994]
 [193.12774718 264.07852569]
 [194.35809572 265.37027355]
 [195.53928056 266.65885281]
 [196.76908488 267.92708273]
 [197.98053057 269.30199008]]


Traiettoria 7: 


Misure della traiettoria:
 [[ 29.80244152  68.7763076 ]
 [ 29.78231909  69.15378019]
 [ 29.78709304  69.55237741]
 [ 29.81291251  69.93073813]
 [ 29.73634599  70.3018918 ]
 [ 29.74823605  70.6843477 ]
 [ 29.70583675  71.07319183]
 [ 29.6931832   71.46690366]
 [ 29.68165572  71.81069624]
 [ 29.65183928  72.17602443]
 [ 29.66037349  72.50470844]
 [ 29.64968017  72.86736919]
 [ 29.64710643  73.23848691]
 [ 29.6510228   73.5893606 ]
 [ 29.68913961  73.91713868]
 [ 29.69125047  74.21715809]
 [ 29.74202091  74.55680483]
 [ 29.78306764  74.93222475]
 [ 29.77809182  75.27936849]
 [ 29.75800726  75.65495077]
 [ 29.81171552  75.92430612]
 [ 29.7941793   76.31622198]
 [ 29.84152799  76.62947517]
 [ 29.8644054   76.96951069]
 [ 29.82536822  77.31632544]
 [ 29.90347194  77.67966974]
 [ 29.9162278   78.05487543]
 [ 29.91696509  78.38642011]
 [ 29.87639026  78.72078975]
 [ 29.94893612  79.10324887]
 [ 29.94309568  79.47564739]
 [ 29.98381845  79.85952374]
 [ 29.99422761  80.21138385]
 [ 29.99547159  80.60315218]
 [ 30.01606182  80.95072075]
 [ 29.97704124  81.27158739]
 [ 29.97524337  81.63884221]
 [ 29.95383911  82.01513367]
 [ 29.88754381  82.37337442]
 [ 29.93872888  82.7795643 ]
 [ 29.89070365  83.07005747]
 [ 29.88286387  83.39758511]
 [ 29.8147629   83.79202841]
 [ 29.81308531  84.11842142]
 [ 29.79993741  84.44074225]
 [ 29.77511307  84.78178463]
 [ 29.7830744   85.10154137]
 [ 29.75102007  85.41271727]
 [ 29.73692404  85.75971478]
 [ 29.72505489  86.08641721]
 [ 29.73718602  86.43683611]
 [ 29.77669387  86.77435785]
 [ 29.79952907  87.06293735]
 [ 29.86659678  87.44667344]
 [ 29.87631696  87.76544754]
 [ 29.94669922  88.06834206]
 [ 30.04174874  88.41743075]
 [ 30.05677581  88.73683987]
 [ 30.17464201  89.07717149]
 [ 30.26543706  89.3509091 ]
 [ 30.43556155  89.68094791]
 [ 30.53396488  90.03879364]
 [ 30.67471803  90.31950075]
 [ 30.80121396  90.60932083]
 [ 30.98376448  90.91883457]
 [ 31.10538598  91.20831422]
 [ 31.34707615  91.49326882]
 [ 31.49919112  91.74180324]
 [ 31.67278855  92.03451818]
 [ 31.89413065  92.28220021]
 [ 32.08717239  92.49223607]
 [ 32.32467692  92.78110994]
 [ 32.5871503   92.96778807]
 [ 32.72795027  93.20054508]
 [ 32.99419938  93.47846265]
 [ 33.2288211   93.66229193]
 [ 33.48647335  93.88005806]
 [ 33.74114955  94.09066691]
 [ 33.95843025  94.30169349]
 [ 34.22392106  94.46472034]
 [ 34.53852332  94.68729   ]
 [ 34.79436612  94.85670325]
 [ 35.05850409  94.95757419]
 [ 35.36058862  95.161255  ]
 [ 35.66364893  95.31635823]
 [ 35.96967267  95.46089736]
 [ 36.19027912  95.63179476]
 [ 36.49937452  95.74948224]
 [ 36.79904461  95.86665835]
 [ 37.12771719  95.96191507]
 [ 37.3842949   96.07293279]
 [ 37.69623865  96.15207291]
 [ 38.03740216  96.24785356]
 [ 38.34736524  96.29720703]
 [ 38.69696129  96.31102763]
 [ 39.03915332  96.38572977]
 [ 39.32385081  96.40394658]
 [ 39.65760696  96.42719859]
 [ 40.04838171  96.46223452]
 [ 40.35355288  96.44654023]
 [ 40.68943079  96.46095175]
 [ 41.00906044  96.43003143]
 [ 41.36315232  96.36054331]
 [ 41.70690316  96.37874806]
 [ 42.06217149  96.39260208]
 [ 42.45284973  96.37623423]
 [ 42.86943176  96.37701166]
 [ 43.18910012  96.34055379]
 [ 43.50987324  96.34259808]
 [ 43.81144989  96.39279504]
 [ 44.14928704  96.45077021]
 [ 44.47588509  96.42913708]
 [ 44.77708784  96.44283231]
 [ 45.10531972  96.45142564]
 [ 45.40838651  96.46172924]
 [ 45.70102689  96.46187449]
 [ 46.1057254   96.47191947]
 [ 46.44975809  96.39264239]
 [ 46.8322298   96.36248426]
 [ 47.15653356  96.26478545]
 [ 47.55447136  96.15705548]
 [ 47.89077512  96.0918942 ]
 [ 48.31053283  96.02688989]
 [ 48.68898885  95.97691112]
 [ 49.08210536  95.90594832]
 [ 49.46845851  95.78966239]
 [ 49.92270855  95.7603396 ]
 [ 50.38492611  95.67648655]
 [ 50.80227526  95.60671727]
 [ 51.21346723  95.49785972]
 [ 51.67806043  95.36879788]
 [ 52.06917171  95.29437416]
 [ 52.54423757  95.1595698 ]
 [ 52.99543412  95.09032815]
 [ 53.47470594  94.97472877]
 [ 53.8893361   94.91507811]
 [ 54.42635994  94.80229126]
 [ 54.90055596  94.70446336]
 [ 55.43759521  94.66549029]
 [ 55.97040652  94.58435974]
 [ 56.54546648  94.48558121]
 [ 57.02413347  94.42805131]
 [ 57.59831585  94.35694165]
 [ 58.15928389  94.28829139]
 [ 58.64566445  94.20490458]
 [ 59.27245495  94.064232  ]
 [ 59.80922267  93.97252869]
 [ 60.36030012  93.91252538]
 [ 60.87644208  93.84970903]
 [ 61.42803013  93.83228653]
 [ 61.97047149  93.76542897]
 [ 62.51988246  93.77946962]
 [ 63.14486984  93.74123543]
 [ 63.72381206  93.73403045]
 [ 64.37491393  93.688827  ]
 [ 64.99746318  93.6794661 ]
 [ 65.67148182  93.60497535]
 [ 66.39952226  93.58880398]
 [ 67.1112707   93.54249657]
 [ 67.79689763  93.47687727]
 [ 68.54274637  93.46727505]
 [ 69.34014427  93.39840312]
 [ 70.13188591  93.37445757]
 [ 70.91435977  93.30272307]
 [ 71.75695451  93.273132  ]
 [ 72.55568149  93.23568621]
 [ 73.40793176  93.17967088]
 [ 74.29714612  93.13544204]
 [ 75.18764869  93.06578743]
 [ 76.07505288  93.01538933]
 [ 77.00892066  92.93217441]
 [ 77.90250607  92.90527706]
 [ 78.87443241  92.8470949 ]
 [ 79.84861084  92.79622462]
 [ 80.8389927   92.74562898]
 [ 81.81742477  92.68905718]
 [ 82.85271194  92.62942255]
 [ 83.85325993  92.58877667]
 [ 84.92462942  92.56147796]
 [ 86.0291631   92.4864431 ]
 [ 87.10001083  92.46348678]
 [ 88.18186     92.48224684]
 [ 89.29028578  92.41333081]
 [ 90.44269952  92.35970141]
 [ 91.55883278  92.34444343]
 [ 92.72927055  92.28669353]
 [ 93.93462194  92.29228212]
 [ 95.06731652  92.24579354]
 [ 96.31186279  92.2157997 ]
 [ 97.56607815  92.18227525]
 [ 98.79128782  92.18414737]
 [100.03163977  92.13538092]
 [101.23237943  92.13670284]
 [102.56215333  92.09360372]
 [103.83090807  92.08747675]
 [105.12657616  92.09951586]
 [106.48540968  92.07984456]
 [107.78208963  92.06897721]
 [109.12382456  92.04370468]
 [110.49227959  92.05017215]]


Traiettoria 8: 


Misure della traiettoria:
 [[180.50950028  85.60324523]
 [180.52509822  85.9960147 ]
 [180.50409884  86.42610362]
 [180.51473614  86.82560174]
 [180.50373851  87.2385647 ]
 [180.49195898  87.68993355]
 [180.49554933  88.07138091]
 [180.47059439  88.53335147]
 [180.47899681  88.98949178]
 [180.42143514  89.38447249]
 [180.39758014  89.87340658]
 [180.37345649  90.35706154]
 [180.43618177  90.76636533]
 [180.40788508  91.26765136]
 [180.41993017  91.67688288]
 [180.41022559  92.10933816]
 [180.39869416  92.58572964]
 [180.40500539  92.9947962 ]
 [180.3434908   93.48516482]
 [180.32022839  93.92926302]
 [180.29470912  94.41581943]
 [180.28114152  94.83115528]
 [180.24599251  95.31275921]
 [180.2709522   95.76548498]
 [180.21409565  96.25900594]
 [180.20590016  96.72620212]
 [180.21246029  97.17012678]
 [180.1021203   97.70165473]
 [180.12327554  98.18890194]
 [180.05429889  98.69668833]
 [180.01959697  99.22429894]
 [180.02531168  99.73196696]
 [179.98217727 100.27938147]
 [179.97328062 100.82333706]
 [179.95945249 101.36617611]
 [179.92304485 101.91885076]
 [179.89490783 102.45338944]
 [179.84379617 102.95710368]
 [179.80642835 103.51465284]
 [179.73152553 104.06290651]
 [179.71122684 104.61661616]
 [179.66501702 105.1141883 ]
 [179.6606181  105.6923945 ]
 [179.60375021 106.27267993]
 [179.60320977 106.83492422]
 [179.61323597 107.33715179]
 [179.59326448 107.87799812]
 [179.6378649  108.44291043]
 [179.61993975 108.95491158]
 [179.65021019 109.52714092]
 [179.6922926  110.06529908]
 [179.71330316 110.58276516]
 [179.77096873 111.11885038]
 [179.85546117 111.66784887]
 [179.93563112 112.17608787]
 [180.09029176 112.69979901]
 [180.18858498 113.21930036]
 [180.35054063 113.74805529]
 [180.45249786 114.25876194]
 [180.67328956 114.74510645]
 [180.88078472 115.26063043]
 [181.07470961 115.79945537]
 [181.32984157 116.26866371]
 [181.53015751 116.75906571]
 [181.76609774 117.21380555]
 [182.0598694  117.70683696]
 [182.34188205 118.15285049]
 [182.61370283 118.5557821 ]
 [182.90898167 118.99684483]
 [183.2955431  119.51125185]
 [183.60922894 119.91120691]
 [183.92118185 120.33428261]
 [184.29455572 120.74852281]
 [184.72834921 121.10138576]
 [185.0861335  121.45343523]
 [185.50784524 121.83904087]
 [185.90485403 122.17389263]
 [186.32414985 122.50130296]
 [186.74544018 122.85032396]
 [187.2110492  123.14562394]
 [187.6543851  123.45150577]
 [188.08816293 123.7285179 ]
 [188.60594968 123.96282403]
 [189.08389153 124.21829726]
 [189.52529497 124.44416687]
 [189.99607847 124.6729521 ]
 [190.5065355  124.86516815]
 [191.03029208 125.03356899]
 [191.51163611 125.1804117 ]
 [192.06830192 125.40921292]
 [192.55965056 125.5302696 ]
 [193.10980356 125.62890915]
 [193.62498399 125.75413601]
 [194.13055717 125.84496436]
 [194.67487623 125.91813011]
 [195.24057509 125.97719484]
 [195.72792625 126.06173525]
 [196.26944611 126.08867968]
 [196.81793607 126.04416418]
 [197.35843413 126.0479684 ]
 [197.87557528 126.02910913]
 [198.42361259 126.02184858]
 [198.92023723 125.98388478]
 [199.45983524 125.93264562]
 [199.99219788 125.87616059]
 [200.49540255 125.88711205]
 [200.99622838 125.84160943]
 [201.52366749 125.8266338 ]
 [201.98712584 125.85071086]
 [202.52809975 125.77423845]
 [203.04817679 125.78079862]
 [203.55957964 125.71119525]
 [204.06480496 125.65569835]
 [204.52690011 125.63818176]
 [205.00387307 125.63048535]
 [205.50998335 125.57191591]
 [205.97928884 125.59821347]
 [206.45826602 125.56703281]
 [206.86892135 125.55156916]
 [207.34353764 125.4988452 ]
 [207.78839685 125.54618263]
 [208.24047337 125.53387148]
 [208.68520778 125.51222491]
 [209.09625785 125.49636769]
 [209.52036314 125.42296477]
 [209.915059   125.4354839 ]
 [210.30337423 125.42654483]
 [210.71914864 125.37282175]
 [211.0496613  125.36221232]
 [211.47966726 125.35360224]
 [211.84750589 125.33882564]
 [212.25100845 125.31871774]
 [212.63440254 125.22408983]
 [212.99359917 125.16872459]
 [213.43650611 125.12205395]
 [213.81764438 125.05242726]
 [214.17648975 124.9901152 ]
 [214.58864251 124.91223535]
 [214.94813181 124.93603147]
 [215.28962684 124.81533929]
 [215.64696241 124.78624417]
 [215.98304412 124.72408626]
 [216.36478339 124.65072861]
 [216.73303753 124.60452141]
 [217.10104519 124.5675506 ]
 [217.42956518 124.54012934]
 [217.90590402 124.48009136]
 [218.24919139 124.43343539]
 [218.62081033 124.39678971]
 [219.03707804 124.37577298]
 [219.44229115 124.33673029]
 [219.85387285 124.30575516]
 [220.27871783 124.28332042]
 [220.69641705 124.25757407]
 [221.1513028  124.2439967 ]
 [221.57635454 124.17600931]
 [221.98418157 124.15453771]
 [222.51478184 124.0365974 ]
 [222.95906582 124.03153747]
 [223.44997201 123.96588318]
 [223.92753701 123.88740565]
 [224.4443362  123.88435919]
 [224.9381598  123.79555126]
 [225.40629297 123.73919486]
 [225.95319807 123.65685767]
 [226.49655847 123.53598222]
 [227.02350332 123.4759022 ]
 [227.59042963 123.38736008]
 [228.15302054 123.27745638]
 [228.7092643  123.17657046]
 [229.32477485 123.09456746]
 [229.91596613 122.95483338]
 [230.44995736 122.82738799]
 [231.07300636 122.67596253]
 [231.70390256 122.56897348]
 [232.33777662 122.42756534]
 [232.97198831 122.25429363]
 [233.6634916  122.09991878]
 [234.33265954 121.94205812]
 [235.0534527  121.76450741]
 [235.68801274 121.59166926]
 [236.41374502 121.40645999]
 [237.11097929 121.14273149]
 [237.87979146 120.99796843]
 [238.60239006 120.74086051]
 [239.37806847 120.51093613]
 [240.13728082 120.27846206]
 [240.92320345 120.01102143]
 [241.75377464 119.75939518]
 [242.53232685 119.47135564]
 [243.35661882 119.20529846]
 [244.24877579 118.90377611]
 [245.05378862 118.6030296 ]
 [245.93460829 118.34876466]
 [246.86816621 117.95741888]
 [247.77364323 117.66682276]
 [248.63312501 117.3267028 ]
 [249.61012169 117.06564987]
 [250.55021885 116.67741197]
 [251.49300418 116.3078371 ]]


Traiettoria 9: 


Misure della traiettoria:
 [[ 68.66725569 149.98611053]
 [ 68.74642045 150.02874125]
 [ 68.83353882 150.07326043]
 [ 68.88520691 150.09896426]
 [ 68.99581168 150.09067006]
 [ 69.086238   150.1155156 ]
 [ 69.21626643 150.10693434]
 [ 69.30721997 150.12148968]
 [ 69.39813684 150.13313291]
 [ 69.48583106 150.17892132]
 [ 69.56416527 150.25301748]
 [ 69.70771643 150.31017267]
 [ 69.83825433 150.46761149]
 [ 70.05006082 150.6236737 ]
 [ 70.21265079 150.74872756]
 [ 70.34895709 150.77989679]
 [ 70.50836283 150.8611443 ]
 [ 70.66779006 150.95856533]
 [ 70.87794458 151.09458902]
 [ 71.10242247 151.17984127]
 [ 71.23984672 151.31951786]
 [ 71.39348882 151.49756707]
 [ 71.53069058 151.71696154]
 [ 71.76225862 151.8296553 ]
 [ 71.85175617 151.99157659]
 [ 72.04067752 152.14039293]
 [ 72.25045286 152.33715844]
 [ 72.50085865 152.53497576]
 [ 72.70631899 152.74361441]
 [ 72.92124798 152.92752916]
 [ 73.15612787 153.04938236]
 [ 73.34924793 153.19605539]
 [ 73.55124281 153.27442774]
 [ 73.72675521 153.32769632]
 [ 73.92212315 153.42928299]
 [ 74.20393545 153.56227878]
 [ 74.40225813 153.65928269]
 [ 74.65845498 153.68648024]
 [ 74.88972433 153.74110639]
 [ 75.06025868 153.79701019]
 [ 75.27857895 153.84900237]
 [ 75.41291286 153.85219762]
 [ 75.59903561 153.88540133]
 [ 75.7614595  153.95833738]
 [ 75.94914046 153.8927535 ]
 [ 76.15519499 153.95366078]
 [ 76.31673654 153.93238486]
 [ 76.55481357 153.95066707]
 [ 76.81093373 153.9410445 ]
 [ 77.10687117 153.97248902]
 [ 77.44532101 153.87786744]
 [ 77.7871784  153.88549801]
 [ 78.15543722 153.79144352]
 [ 78.47781255 153.72249909]
 [ 78.79596771 153.59238206]
 [ 79.18134048 153.51417648]
 [ 79.46758698 153.38887021]
 [ 79.8364179  153.30144535]
 [ 80.15616248 153.12050379]
 [ 80.43617625 152.96230179]
 [ 80.77571633 152.82033506]
 [ 81.01443402 152.63789763]
 [ 81.33758121 152.4416679 ]
 [ 81.64938022 152.25451855]
 [ 81.94430663 151.99642437]
 [ 82.1957153  151.78356327]
 [ 82.48233467 151.56686661]
 [ 82.73444297 151.35333644]
 [ 83.00096982 151.07057417]
 [ 83.2159982  150.85348441]
 [ 83.43823623 150.59096728]
 [ 83.66138413 150.30951131]
 [ 83.86013573 150.04831819]
 [ 84.0405783  149.73021022]
 [ 84.22032072 149.48612677]
 [ 84.45453667 149.29236913]
 [ 84.60845546 148.95500288]
 [ 84.77790422 148.65314374]
 [ 84.92533895 148.33547767]
 [ 85.07748468 148.05844529]
 [ 85.23819577 147.76185017]
 [ 85.28988976 147.45674426]
 [ 85.44594685 147.12182836]
 [ 85.58031746 146.86076958]
 [ 85.7304548  146.55765956]
 [ 85.74590942 146.19886311]
 [ 85.86799985 145.93210065]
 [ 85.88559357 145.63392245]
 [ 85.95998861 145.3123071 ]
 [ 86.03619915 145.02656856]
 [ 86.02835449 144.65619854]
 [ 86.07549742 144.31160908]
 [ 86.05751823 144.0089293 ]
 [ 86.04166393 143.66526821]
 [ 86.05282861 143.39121376]
 [ 85.9960259  143.06551454]
 [ 85.9758067  142.7398397 ]
 [ 85.89534003 142.41197711]
 [ 85.86822148 142.06943255]
 [ 85.82445192 141.76610124]
 [ 85.77596488 141.4738877 ]
 [ 85.6935088  141.1653282 ]
 [ 85.63255557 140.78622871]
 [ 85.61807807 140.45638015]
 [ 85.55814928 140.11640361]
 [ 85.52411957 139.80476094]
 [ 85.51100777 139.53225001]
 [ 85.41188232 139.24212761]
 [ 85.31753621 138.96807241]
 [ 85.19272975 138.5973016 ]
 [ 85.05975651 138.11657935]
 [ 84.88419928 137.65979839]
 [ 84.72877262 137.14841528]
 [ 84.57671252 136.68210341]
 [ 84.52432799 136.15369401]
 [ 84.41832876 135.69771497]
 [ 84.27871717 135.22581841]
 [ 84.17909931 134.70984087]
 [ 84.0039593  134.26366282]
 [ 83.78961138 133.79767924]
 [ 83.46117632 133.38594137]
 [ 83.10230676 132.85742902]
 [ 82.79687887 132.41332841]
 [ 82.36844205 131.98146126]
 [ 82.00502626 131.45013355]
 [ 81.57418289 130.98061018]
 [ 81.19951018 130.47780855]
 [ 80.81140288 129.94904664]
 [ 80.44993093 129.42899487]
 [ 80.13126177 129.0199793 ]
 [ 79.80711908 128.57206271]
 [ 79.56874936 128.23754667]
 [ 79.24443956 127.9496395 ]
 [ 78.90794715 127.66546638]
 [ 78.67772194 127.4990824 ]
 [ 78.48153824 127.27238866]
 [ 78.35221896 126.99010497]
 [ 78.17137285 126.69243649]
 [ 77.98617966 126.35880568]
 [ 77.80675355 126.06168724]
 [ 77.63823664 125.69783428]
 [ 77.42955802 125.34774783]
 [ 77.1965103  124.92243831]
 [ 77.03626581 124.50097292]
 [ 76.82967055 123.98552959]
 [ 76.72251733 123.55709321]
 [ 76.58672654 123.07021899]
 [ 76.4479792  122.59492106]
 [ 76.33621192 122.14395118]
 [ 76.14568668 121.62641837]
 [ 76.06379594 121.25037836]
 [ 76.07077278 120.81662002]
 [ 76.14678759 120.46739663]
 [ 76.30364443 120.13272337]
 [ 76.56161211 119.85635022]
 [ 76.90076605 119.59963317]
 [ 77.35132544 119.33534408]
 [ 77.86992377 119.09830377]
 [ 78.49397083 118.94601159]
 [ 79.21519417 118.78045993]
 [ 80.02089113 118.67877624]
 [ 80.98973665 118.53484442]
 [ 82.02384733 118.50564305]
 [ 83.14671962 118.39755482]
 [ 84.48565431 118.33567118]
 [ 85.89518713 118.30225142]
 [ 87.42656756 118.35007461]
 [ 89.03142555 118.3287951 ]
 [ 90.77501493 118.33908949]
 [ 92.71854203 118.35872398]
 [ 94.70781575 118.39510477]
 [ 96.80565616 118.4457239 ]
 [ 99.10892669 118.53090426]
 [101.44979937 118.55857858]
 [104.00427738 118.63776822]
 [106.62534497 118.70461959]
 [109.39666258 118.8204898 ]
 [112.22876845 118.84610786]
 [115.22660279 118.97881936]
 [118.32115525 119.0820655 ]
 [121.53721908 119.23872139]
 [124.88283654 119.34761412]
 [128.27520298 119.57102224]
 [131.84080637 119.81893623]
 [135.46896883 119.96335638]
 [139.23116024 120.19849729]
 [143.13811246 120.42566095]
 [147.12917763 120.70451278]
 [151.30175398 120.94583864]
 [155.54460839 121.20931292]
 [159.95185053 121.51049644]
 [164.41815753 121.82685175]
 [169.06496554 122.13594811]
 [173.77892824 122.51625214]
 [178.64986457 122.81860357]
 [183.67633923 123.21936042]
 [188.77351731 123.58364211]
 [193.96500495 123.98783369]
 [199.3230446  124.39134831]
 [204.80377881 124.79030409]]


Traiettoria 10: 


Misure della traiettoria:
 [[18.94367311 44.94047883]
 [18.93834832 45.06462962]
 [18.98476468 45.16352929]
 [19.03440385 45.24527942]
 [19.07205207 45.34951043]
 [19.05344936 45.44713426]
 [19.1429303  45.59818916]
 [19.14459862 45.71921735]
 [19.17867796 45.91594536]
 [19.28480243 46.04968355]
 [19.25744686 46.20022025]
 [19.35310501 46.3624624 ]
 [19.38132336 46.57385485]
 [19.42239401 46.7741348 ]
 [19.42910684 46.98744113]
 [19.44834768 47.19831875]
 [19.42567206 47.40571324]
 [19.42132309 47.65085597]
 [19.41871747 47.88141104]
 [19.3656179  48.10713099]
 [19.23933893 48.30667731]
 [19.15271878 48.563147  ]
 [19.10013775 48.71988374]
 [19.00184798 48.95106712]
 [18.89488488 49.1344078 ]
 [18.78283738 49.35815567]
 [18.65384694 49.5644326 ]
 [18.52145962 49.81365433]
 [18.41775744 50.04548451]
 [18.33182281 50.31520236]
 [18.26901833 50.57306371]
 [18.08851028 50.81202141]
 [18.01704109 51.11871839]
 [17.96673256 51.37016326]
 [17.83482015 51.70390219]
 [17.70936557 52.07737984]
 [17.61801193 52.4545535 ]
 [17.48577785 52.8398889 ]
 [17.32457334 53.20251525]
 [17.09670199 53.55680775]
 [16.90268461 53.92142844]
 [16.73085067 54.27679093]
 [16.4656827  54.51151803]
 [16.25558719 54.87753588]
 [16.04632434 55.18044253]
 [15.80351114 55.52046787]
 [15.57334724 55.88789587]
 [15.32104667 56.23875533]
 [15.05590404 56.58988357]
 [14.80751242 57.00660648]
 [14.54776268 57.42795893]
 [14.23426262 57.85888107]
 [14.0247878  58.28932134]
 [13.71343059 58.70384569]
 [13.48886614 59.1637834 ]
 [13.24738431 59.56743157]
 [13.03580312 60.0388617 ]
 [12.85761895 60.47291314]
 [12.67733272 60.97386747]
 [12.52092339 61.43474145]
 [12.37382205 61.93248378]
 [12.18974757 62.40447068]
 [12.09561925 62.88849097]
 [12.00512728 63.4123298 ]
 [11.89852719 63.88150219]
 [11.82352191 64.35306163]
 [11.7466728  64.82212349]
 [11.73813407 65.34346278]
 [11.68989755 65.85633256]
 [11.64273394 66.37161462]
 [11.63992352 66.90247862]
 [11.69574164 67.39291914]
 [11.70740944 67.88685485]
 [11.77267987 68.38607039]
 [11.86567956 68.89489568]
 [11.92036065 69.37779652]
 [12.02414843 69.88128457]
 [12.12708244 70.34382485]
 [12.21333082 70.86665648]
 [12.42280998 71.34755494]
 [12.56515353 71.82629205]
 [12.70714396 72.31793104]
 [12.89306916 72.79939468]
 [13.12129356 73.27012401]
 [13.34676614 73.74122888]
 [13.60164927 74.17048086]
 [13.84215774 74.65661899]
 [14.10344032 75.04199318]
 [14.35674324 75.50254611]
 [14.66092925 75.88379241]
 [14.95144711 76.28531191]
 [15.29204834 76.70539417]
 [15.61869954 77.08035327]
 [15.94047654 77.44857052]
 [16.2881513  77.8155576 ]
 [16.63659366 78.1623658 ]
 [17.04518268 78.48903111]
 [17.44471535 78.82183838]
 [17.83706666 79.14954969]
 [18.22623959 79.45698835]
 [18.62562076 79.72151717]
 [19.0796438  80.0277846 ]
 [19.45403072 80.2951811 ]
 [19.89907294 80.55174513]
 [20.27928348 80.75174764]
 [20.68861105 81.00261982]
 [21.08518067 81.14429256]
 [21.46372638 81.36503264]
 [21.84543267 81.63566427]
 [22.19101567 81.89575946]
 [22.48652989 82.17484594]
 [22.89114205 82.470444  ]
 [23.31499589 82.74424042]
 [23.68050715 82.98144351]
 [24.06946908 83.22469984]
 [24.52700677 83.52887518]
 [24.94185075 83.83754199]
 [25.35543299 83.99294428]
 [25.84991149 84.19019019]
 [26.28936063 84.378392  ]
 [26.75072228 84.56554222]
 [27.22285608 84.76315742]
 [27.68247221 84.99232669]
 [28.17729299 85.21327243]
 [28.61365726 85.41935481]
 [29.08624668 85.63714729]
 [29.45768293 85.89417867]
 [29.88046859 86.05976737]
 [30.29844611 86.31252565]
 [30.74565441 86.50157927]
 [31.11865329 86.78117662]
 [31.55877728 86.97905108]
 [31.99792735 87.30071554]
 [32.3348605  87.60277375]
 [32.75910627 87.82031113]
 [33.0998361  88.13114956]
 [33.52781927 88.4157478 ]
 [33.90684154 88.74222114]
 [34.38112518 89.04522156]
 [34.78846652 89.40333519]
 [35.20927965 89.81028224]
 [35.64201022 90.18645682]
 [35.94692077 90.49433688]
 [36.35912445 90.86310231]
 [36.67576128 91.2506494 ]
 [37.04709131 91.60390135]
 [37.38378721 91.98489497]
 [37.75791993 92.38133472]
 [38.1073334  92.68273396]
 [38.46232761 93.05358066]
 [38.79486002 93.41972881]
 [39.08740202 93.69626062]
 [39.34124269 93.95583353]
 [39.49880483 94.23464949]
 [39.65157194 94.41478931]
 [39.77133984 94.64840079]
 [39.7859107  94.80177321]
 [39.84886642 94.93398451]
 [39.85812877 95.06175789]
 [39.79559359 95.1582912 ]
 [39.7482061  95.23223511]
 [39.66084552 95.31369971]
 [39.53483775 95.29666946]
 [39.39805465 95.34483979]
 [39.211482   95.30957601]
 [39.00820843 95.24245758]
 [38.81674719 95.11707907]
 [38.5528065  94.99721747]
 [38.25083749 94.87125426]
 [37.91049932 94.65654757]
 [37.62402892 94.47426754]
 [37.25253158 94.2664887 ]
 [36.90812857 93.98015478]
 [36.47475449 93.65871491]
 [36.05356235 93.32442385]
 [35.62617084 92.92741286]
 [35.13772014 92.508991  ]
 [34.63401109 92.05105959]
 [34.17096877 91.57700571]
 [33.59304347 91.03337761]
 [33.06570805 90.47122753]
 [32.50612459 89.89916768]
 [31.80424307 89.23137288]
 [31.18148643 88.55258381]
 [30.56072426 87.91240749]
 [29.8065345  87.14998472]
 [29.05886665 86.39924717]
 [28.34039273 85.6641857 ]
 [27.53070775 84.8473107 ]
 [26.78937316 84.00675737]
 [25.95832649 83.14806503]
 [25.08895166 82.257103  ]
 [24.16788331 81.32266797]
 [23.27697714 80.40218385]
 [22.32979906 79.40166509]
 [21.36355102 78.43372228]
 [20.35195732 77.38462873]
 [19.36506797 76.3046566 ]
 [18.2729429  75.17601334]
 [17.21887301 74.0288106 ]]

